readID	seqID	taxID	score	2ndBestScore	hitLength	queryLength	numMatches
940558e0-c56f-425b-9782-da2188eea8c9	unclassified	0	0	0	0	2147	1
f6909464-284d-4204-ae58-69cf2abd416e	unclassified	0	0	0	0	1525	1
50acd803-049a-4b78-82b8-74b3ffbd3705	unclassified	0	0	0	0	1487	1
66efbed2-33e6-4efe-be80-e1c78bc144f8	unclassified	0	0	0	0	1438	1
a78e165d-e1ec-4332-8538-1d121061562d	unclassified	0	0	0	0	1041	1
f3705d72-873a-4414-845a-ce5f347f0463	unclassified	0	0	0	0	1453	1
8130fe21-34f6-4e02-a6e5-26c8833fadca	unclassified	0	0	0	0	1410	1
83423b31-f524-48fb-8d7d-06df1a839d18	unclassified	0	0	0	0	1412	1
dac3bd46-adb4-42cf-aaef-88e057407a26	unclassified	0	0	0	0	1209	1
0319d25f-809d-4ff9-808d-98d53042f82c	unclassified	0	0	0	0	1356	1
05c8fd83-e20b-4bf3-b92c-adf9d6c717f2	unclassified	0	0	0	0	1490	1
539c78bf-4776-4ca7-8f66-cd5fd0d24877	unclassified	0	0	0	0	2268	1
b4d9a191-8e40-44eb-ad7b-0d5cb41ae5b9	unclassified	0	0	0	0	1469	1
ef6b9183-7076-4761-aa67-ffe519c02712	unclassified	0	0	0	0	1388	1
cf5d5360-c1cc-4871-9889-4f2ea42df7b3	unclassified	0	0	0	0	1429	1
dcf448f1-ea32-435b-ad96-ef83d3ba3d9c	unclassified	0	0	0	0	1795	1
4c0ef0cc-2b5e-4ee1-9f12-d13578798465	unclassified	0	0	0	0	1018	1
fd002794-b9e4-48cb-9650-ca44817641ad	unclassified	0	0	0	0	1225	1
13ad8a02-d197-4550-bd21-0fb2b0b0fa4c	unclassified	0	0	0	0	1432	1
454693a9-54e3-442b-8b32-7ac8e8462309	unclassified	0	0	0	0	1552	1
66f247d2-ceef-4fbf-abb6-cde70814bd48	unclassified	0	0	0	0	1545	1
66fc12ba-3814-4dad-a0ab-fcf06b0f6f1f	HM640412.1.1351	1688	64	0	23	1557	1
7953a811-48f1-4b5f-aad2-0313542999aa	unclassified	0	0	0	0	1323	1
f1eb1fb9-250a-4063-95de-e4f542de1298	unclassified	0	0	0	0	1481	1
849d7afb-b3d0-4d98-8e34-33c9cec27801	unclassified	0	0	0	0	2889	1
683247cc-61c8-44ec-a845-d08ba21c89d9	unclassified	0	0	0	0	1439	1
3b2a6aa6-0539-4388-a800-2cc9130d160d	unclassified	0	0	0	0	2525	1
35caee7a-7664-4441-b210-7b1f4f8eae8f	unclassified	0	0	0	0	2376	1
b8d413dc-cf11-4daf-8df6-4eb257af3415	unclassified	0	0	0	0	1152	1
fa091eaa-a739-4dca-90d3-289101620c1b	unclassified	0	0	0	0	1606	1
6f20db34-d606-4603-98dd-a27602eb5271	unclassified	0	0	0	0	1436	1
6896d485-e85c-4f45-bc9a-48a59de3e71d	unclassified	0	0	0	0	1045	1
26e45900-5423-4aa1-bf27-ee2c0118fd1b	unclassified	0	0	0	0	1090	1
e64d98a3-b927-4356-a6c5-869bd7128fe7	unclassified	0	0	0	0	4954	1
891506b6-4ba7-4b4c-8b15-f1dd3430e97a	unclassified	0	0	0	0	1745	1
b100b5c6-c278-4602-b263-148dd6cb3476	unclassified	0	0	0	0	2858	1
4de77d80-d6f2-4b0b-9a01-c09dac83da28	order	25715	100	100	25	1456	5
4de77d80-d6f2-4b0b-9a01-c09dac83da28	family	25012	100	100	25	1456	5
4de77d80-d6f2-4b0b-9a01-c09dac83da28	family	25020	100	100	25	1456	5
4de77d80-d6f2-4b0b-9a01-c09dac83da28	order	913	100	100	25	1456	5
4de77d80-d6f2-4b0b-9a01-c09dac83da28	family	24980	100	100	25	1456	5
56c10022-1ddd-4565-899b-d6ef4a73a96b	unclassified	0	0	0	0	1452	1
2a78e8ad-950d-44f2-a575-268666cb3376	unclassified	0	0	0	0	1321	1
b0e829f6-f466-4c88-9e93-3c1ec6a61b86	unclassified	0	0	0	0	1114	1
2792f8e8-df2d-4720-9ab4-4a442d908ae2	unclassified	0	0	0	0	1368	1
d0fab863-664a-4207-aa4d-8056c839cbcb	unclassified	0	0	0	0	1373	1
9b6ca5d5-54ee-4e0c-ba5e-5f8651d755ab	unclassified	0	0	0	0	2076	1
15e224cb-d116-41af-86c5-c55cbe9d59b5	unclassified	0	0	0	0	1060	1
4914f1f2-39f5-4b19-b659-e16a1e05cafd	unclassified	0	0	0	0	1514	1
8afc4c72-4d48-4a5f-a723-558f0887b004	unclassified	0	0	0	0	1206	1
a368b32e-a457-4682-9ae2-e719cc8f0d82	unclassified	0	0	0	0	1539	1
29f477c9-92ae-4bc4-8393-90f71420db06	unclassified	0	0	0	0	1025	1
8fba9255-6a81-4514-aa5c-b519111a9571	unclassified	0	0	0	0	1143	1
67d8dca4-8269-439a-a089-276ad9bdddd4	unclassified	0	0	0	0	1986	1
6faf5bfa-1061-4cb9-b756-0bb1bc76c4fd	unclassified	0	0	0	0	1333	1
6842e2cc-2529-403a-bd17-a114c032bc82	unclassified	0	0	0	0	4424	1
93021cbd-40d2-4f17-aca8-cf4fb3382fc3	unclassified	0	0	0	0	1834	1
1b64017b-5608-444a-8dd4-ba1ab2b5245a	unclassified	0	0	0	0	1524	1
0b2b9541-0516-41cb-a4f3-d385a408f2f2	unclassified	0	0	0	0	3538	1
128d9181-4246-4b44-87e8-6d97b346e265	unclassified	0	0	0	0	1460	1
783e2b44-ffae-46d3-822e-bf87ef410942	unclassified	0	0	0	0	1468	1
b7c88037-3793-400a-8323-e53d70ae920e	unclassified	0	0	0	0	1387	1
7fa1ff5c-64dd-443e-b296-76ce0040886f	EU734913.1.1484	3247	100	100	25	1476	2
7fa1ff5c-64dd-443e-b296-76ce0040886f	KP723815.1.1344	769	100	100	25	1476	2
da3e64f2-0130-4aee-94ce-541e54fada39	class	912	100	100	25	1594	5
da3e64f2-0130-4aee-94ce-541e54fada39	order	3709	100	100	25	1594	5
da3e64f2-0130-4aee-94ce-541e54fada39	order	1674	100	100	25	1594	5
da3e64f2-0130-4aee-94ce-541e54fada39	order	25715	100	100	25	1594	5
da3e64f2-0130-4aee-94ce-541e54fada39	order	3210	100	100	25	1594	5
8d92fc51-9ce1-4846-8028-ffcc19fc9268	unclassified	0	0	0	0	1395	1
1a131b20-ef37-4d12-aa43-ab6b95921a44	unclassified	0	0	0	0	1948	1
4a617b77-58c9-4337-a2b2-e39edde62e9e	unclassified	0	0	0	0	2661	1
2d850fb8-60ac-422b-820b-65472096f167	unclassified	0	0	0	0	1652	1
7b49960a-d6ee-4a24-adee-346c457b55c1	unclassified	0	0	0	0	2205	1
0826b791-b3c7-4354-8dd5-21bea3f9c795	unclassified	0	0	0	0	1703	1
7b1837a9-8fe3-43b1-a184-273f2524b505	unclassified	0	0	0	0	1399	1
f49965f9-fe8a-4a48-a023-7968e7def8e8	unclassified	0	0	0	0	1010	1
259cd484-fefe-4219-9562-fb4313681f1a	unclassified	0	0	0	0	1576	1
a3fc9bbe-84b2-4995-bf32-8df291bf0b15	unclassified	0	0	0	0	1468	1
60283a0f-d261-4746-bbe4-8cfdb495a9ff	unclassified	0	0	0	0	1086	1
4022070e-d388-44c7-921b-546e1204c4cb	unclassified	0	0	0	0	1324	1
9e11e572-bb5c-4fdc-8bce-7bce2c05b6d0	KJ590042.1.1483	26735	64	0	23	1489	1
5817a89b-7cca-4097-ba7e-094dc069f536	unclassified	0	0	0	0	1414	1
a6ec5685-bb5a-4197-9d8d-9f16ee6d0ba4	unclassified	0	0	0	0	5935	1
e2477bca-0ba4-420f-b73e-3132e6102966	unclassified	0	0	0	0	1261	1
ac6b6013-1748-4040-bf49-192525fa01ec	unclassified	0	0	0	0	1070	1
96701448-ce6e-49a8-8370-46ac08e69c47	unclassified	0	0	0	0	1040	1
1d1dbb16-0dd0-40ba-a770-a2abfac70b2d	unclassified	0	0	0	0	1140	1
2f0c37eb-f78c-4d4b-91db-e6d709770ae8	unclassified	0	0	0	0	1422	1
c102cba2-ddda-4f60-93c8-d9f160ff371b	unclassified	0	0	0	0	2817	1
9015fc59-0d27-4277-80a9-db6ac1c1f246	unclassified	0	0	0	0	1112	1
079f743d-037a-4083-8e88-d1a182ad3243	unclassified	0	0	0	0	1377	1
f534509f-0bfb-4b29-bcee-74b80a612d26	unclassified	0	0	0	0	4409	1
23eb83e1-98a0-4244-b4a5-8ff4da3bdd1d	unclassified	0	0	0	0	1438	1
b2b7c047-2986-41b5-afe8-5f46371d6195	unclassified	0	0	0	0	1438	1
73097ed2-9f84-4851-8c89-e62eeb1b8dd3	unclassified	0	0	0	0	1231	1
910617d0-9697-435d-8e5d-6e7aa599e06e	unclassified	0	0	0	0	1423	1
5e3761f4-e7ed-4632-8001-0eb9e1d0b6d3	unclassified	0	0	0	0	2843	1
88cc9bcd-f91c-4656-a35b-95079cff16a0	unclassified	0	0	0	0	2258	1
622acfdd-c1bf-4bfc-9b64-bfcd15c8c9e4	unclassified	0	0	0	0	1256	1
1aa4e9fd-a365-400f-b3f7-497e86deedc9	unclassified	0	0	0	0	1323	1
4c6c1c51-0bee-4717-9a1e-1dbefc19260f	family	25020	100	100	25	1533	5
4c6c1c51-0bee-4717-9a1e-1dbefc19260f	order	25715	100	100	25	1533	5
4c6c1c51-0bee-4717-9a1e-1dbefc19260f	family	25012	100	100	25	1533	5
4c6c1c51-0bee-4717-9a1e-1dbefc19260f	order	913	100	100	25	1533	5
4c6c1c51-0bee-4717-9a1e-1dbefc19260f	family	24980	100	100	25	1533	5
79573b43-8762-4d1b-9fe4-fa4cce0205a8	unclassified	0	0	0	0	1006	1
3c918c8c-cb2a-413b-8204-82d5840ee9a2	unclassified	0	0	0	0	1620	1
1f9e2f6e-dd8d-4fb4-919f-18110329d643	unclassified	0	0	0	0	1018	1
f49592e7-7a24-42b4-b8a9-2f961541da68	unclassified	0	0	0	0	1152	1
03b956f8-a189-476e-8bd8-cd5af4ebd6ae	unclassified	0	0	0	0	1081	1
79a879fb-752e-45c0-b4e3-3a84ccccec16	unclassified	0	0	0	0	1210	1
eda8f196-184d-4016-97a1-c31fdbd23ab9	unclassified	0	0	0	0	2336	1
1134e2e5-0ef5-46d2-a952-c33768785df5	unclassified	0	0	0	0	1411	1
2e5a87d2-1b6f-4190-a10a-87602866dd65	KF067169.1.1346	24519	121	121	26	1450	2
2e5a87d2-1b6f-4190-a10a-87602866dd65	GQ058084.1.1345	24519	121	121	26	1450	2
f621e643-0ac6-4433-8e13-f0d8dbf8ef94	unclassified	0	0	0	0	1541	1
1b36b5af-1cb4-495d-8380-83ad7827b839	unclassified	0	0	0	0	1460	1
6f613a47-e288-4579-94bc-2f64eebc6386	unclassified	0	0	0	0	1496	1
57390afb-3ada-4782-a22e-dc66ce36bf22	unclassified	0	0	0	0	1205	1
776a4bb3-5e1f-4146-8813-4ce4bd712de1	unclassified	0	0	0	0	1236	1
0fb6de87-5c1f-4eb3-8a30-36b055cebd1d	unclassified	0	0	0	0	1501	1
ea634eb0-f62e-4218-bc69-111e417b73ed	unclassified	0	0	0	0	1429	1
57986e7f-c63f-44fa-96e4-fcac5bbff6e0	unclassified	0	0	0	0	2187	1
817115b8-d6ae-40ef-b859-19e10a9af9f2	unclassified	0	0	0	0	1462	1
69c687f9-22a0-4d2d-8388-b336901ab350	unclassified	0	0	0	0	1457	1
ad3df54e-2f6f-403e-a45d-7ba8259e0ccb	unclassified	0	0	0	0	1503	1
e3219484-2418-4535-a759-441ba7048c87	unclassified	0	0	0	0	1465	1
9283b3bb-4585-4ed2-b9c0-b936b0750ec9	unclassified	0	0	0	0	1603	1
605caf5c-8c74-468d-9410-4cbe1ad67141	unclassified	0	0	0	0	1344	1
058145d0-10e2-4b56-8c99-c929c7d85936	unclassified	0	0	0	0	1263	1
77cb244d-e92b-4166-ae82-3738b973f6d4	unclassified	0	0	0	0	5277	1
1a9d6c02-0ee1-4182-ba5e-9e2f0620c823	unclassified	0	0	0	0	1515	1
cde6c84f-65e3-4733-b7d9-52c5cccada08	unclassified	0	0	0	0	1487	1
080ac2d2-d04a-4930-961d-1c944a573cf2	unclassified	0	0	0	0	3572	1
4d2edfde-9a47-4972-b3aa-79cab218a0d8	unclassified	0	0	0	0	1533	1
da20d507-0123-4576-8fd3-634f29916536	KT308787.1.1376	25027	81	0	24	1232	1
75aa7649-16f5-40b2-b8ad-1c561b61982c	unclassified	0	0	0	0	2877	1
c1333bc4-6aba-4da0-bd83-d6c3ddaad46d	KT224527.1.1378	3503	121	121	26	1468	4
c1333bc4-6aba-4da0-bd83-d6c3ddaad46d	FPID01000192.2.1459	3504	121	121	26	1468	4
c1333bc4-6aba-4da0-bd83-d6c3ddaad46d	EF096545.1.1395	11353	121	121	26	1468	4
c1333bc4-6aba-4da0-bd83-d6c3ddaad46d	M71239.1.1503	26930	121	121	26	1468	4
8cc64764-a033-4211-a9ea-bb222c683569	unclassified	0	0	0	0	1173	1
84c64aa9-5cc0-43ab-9595-75892da505d8	unclassified	0	0	0	0	1414	1
4e595897-dd16-4221-9415-eb3a7e027292	LN570602.1.1368	0	64	64	23	1497	5
4e595897-dd16-4221-9415-eb3a7e027292	family	26352	64	64	23	1497	5
4e595897-dd16-4221-9415-eb3a7e027292	family	3799	64	64	23	1497	5
4e595897-dd16-4221-9415-eb3a7e027292	genus	26868	64	64	23	1497	5
4e595897-dd16-4221-9415-eb3a7e027292	EF540414.1.1458	0	64	64	23	1497	5
ffbe66b2-d82a-4645-aa05-09a5d4beec5a	AJ011682.1.1493	11179	64	64	23	1517	4
ffbe66b2-d82a-4645-aa05-09a5d4beec5a	JN204478.1.1479	3470	64	64	23	1517	4
ffbe66b2-d82a-4645-aa05-09a5d4beec5a	HZ486181.1.1493	11179	64	64	23	1517	4
ffbe66b2-d82a-4645-aa05-09a5d4beec5a	JN204470.1.1479	3470	64	64	23	1517	4
85db8334-78fc-4297-b420-a9c4d4c36ba9	family	26981	100	100	25	1511	2
85db8334-78fc-4297-b420-a9c4d4c36ba9	order	27008	100	100	25	1511	2
707b9e71-9066-4ef5-98b0-31aafdd552ca	unclassified	0	0	0	0	1069	1
a0effd51-94b5-47fa-b6d2-8670d1cab759	unclassified	0	0	0	0	1434	1
f243c987-e0d5-4a7f-8779-6042a19faa77	unclassified	0	0	0	0	3130	1
348cecfa-ffca-43cf-99ad-21f8e08b4098	unclassified	0	0	0	0	1783	1
2cb5ee7d-d02d-455c-8a11-41db2c5a9eb3	unclassified	0	0	0	0	1441	1
c2724c34-80cf-4e6d-b677-778b00af5c7e	unclassified	0	0	0	0	1521	1
39d4d245-9a42-429b-8b28-c1d7b8de0595	unclassified	0	0	0	0	1063	1
29c957d2-3d7f-4d36-ab04-d64da27b7c0b	unclassified	0	0	0	0	1441	1
0814f2aa-34ac-413f-b41d-99cfba61b35e	unclassified	0	0	0	0	2829	1
fc5203ec-bc5a-4a3a-9e64-ce621c99a012	unclassified	0	0	0	0	1278	1
1bf8153c-fce6-4efc-b92f-140695734363	unclassified	0	0	0	0	1920	1
3c44a973-f400-440a-9899-e4d95a2142c3	unclassified	0	0	0	0	1364	1
6c22a583-8e82-45ee-80f7-8fd507d0f4a9	unclassified	0	0	0	0	1440	1
b06a7c34-e0f2-484e-bc82-2a2ee62184b8	unclassified	0	0	0	0	1305	1
b1002785-7ebe-4971-802d-c3ed1b7d1d30	unclassified	0	0	0	0	1402	1
51b7515d-3b5d-47f1-9697-c23e6a54db1c	unclassified	0	0	0	0	1327	1
6f6912c2-0838-4a62-abfa-70cfcbc778b1	unclassified	0	0	0	0	1234	1
47065bf9-3e49-4c6a-9ca1-0168fcadf254	unclassified	0	0	0	0	1667	1
b1193ebd-fe71-4ab3-99c2-2f1ab57d75c3	unclassified	0	0	0	0	1268	1
d9427a1e-8a26-42a4-baad-cb5d03a8048f	unclassified	0	0	0	0	1508	1
ee76479b-1eca-4448-99a8-c7a777647971	unclassified	0	0	0	0	1506	1
58d85d85-88c5-445a-8256-3ee132193fb2	unclassified	0	0	0	0	1077	1
e0e1d753-4a79-43f4-b56b-78c6e2dc118a	unclassified	0	0	0	0	1428	1
e0a28296-faf6-48c3-a4c5-1370f24b1cd1	unclassified	0	0	0	0	1406	1
52c5826d-edd9-4e5d-991a-b4cacf599bb0	unclassified	0	0	0	0	1394	1
633ab7c5-027c-4ca6-b793-c3e949ff9583	unclassified	0	0	0	0	1227	1
14db2008-86a6-4ebf-a4a6-12398b79ca28	unclassified	0	0	0	0	1565	1
eab5f9cd-1be8-4966-a4fb-65b6f114fc20	AB470929.1.1478	3783	64	0	23	1320	1
e076a380-f7e1-4366-81ce-ad5615a4bbce	superkingdom	3	64	0	23	1422	1
6a1730f3-a8f1-4c80-978b-a505de20de39	unclassified	0	0	0	0	1470	1
f7907bb2-1354-4127-90ea-509de20395ac	unclassified	0	0	0	0	1489	1
f6a6d551-1fe3-4aea-8514-ac087597e740	unclassified	0	0	0	0	1767	1
acbecad6-86d4-4eaa-a079-53e5fb1c1b42	unclassified	0	0	0	0	4139	1
8a05379e-a1e3-4b0a-a71e-f68d5dd5bff3	unclassified	0	0	0	0	1294	1
f40b5e1a-c936-4170-95ba-d25403b25a2b	unclassified	0	0	0	0	2298	1
25a80bff-6ee9-4447-9628-744d25e93052	unclassified	0	0	0	0	1913	1
92be0067-5206-4775-879a-dc64088a64e7	unclassified	0	0	0	0	1106	1
039b6e57-b8e6-41a6-9e12-5b4f0445d1fa	unclassified	0	0	0	0	1422	1
7d974ead-2dea-42b9-84f2-e02cf7052b18	FJ160278.1.1411	464	121	121	26	1564	3
7d974ead-2dea-42b9-84f2-e02cf7052b18	GQ057900.1.1346	24519	121	121	26	1564	3
7d974ead-2dea-42b9-84f2-e02cf7052b18	GU384222.1.1485	769	121	121	26	1564	3
e78a487d-255c-421d-8cc3-5ec700fc84b3	unclassified	0	0	0	0	1363	1
61b49619-2bc2-4363-aa1b-f547ebc2460e	unclassified	0	0	0	0	2687	1
27220c65-0907-4001-9134-b4dac9cdc272	unclassified	0	0	0	0	1118	1
a95d007c-32d5-4abb-854f-d50dfc8b2e59	unclassified	0	0	0	0	3705	1
cc50aee4-8131-4cc2-a90a-4c91c6e3e300	unclassified	0	0	0	0	2651	1
a258846d-064c-4047-b3f0-9122389e59cd	unclassified	0	0	0	0	1445	1
5c3e09c6-dc16-4003-bb1a-9788373cac36	unclassified	0	0	0	0	1414	1
542274fb-04b5-407b-87f6-369933413da4	unclassified	0	0	0	0	1434	1
64b91a4b-351a-4ca4-99b0-bf1aa41d9e08	unclassified	0	0	0	0	1427	1
4570cf5f-fcf2-4394-8a34-90e21cd1b8df	unclassified	0	0	0	0	1336	1
63ba0a1a-741d-4f7e-a6b3-6643c5b92da8	unclassified	0	0	0	0	1094	1
adffa488-fa6d-4c88-b058-b87a8d978be8	unclassified	0	0	0	0	1247	1
89622495-5acb-4c44-8b5f-b0a6973ef9ee	EF156520.1.1376	24574	81	81	24	1452	4
89622495-5acb-4c44-8b5f-b0a6973ef9ee	AB696154.1.1475	24447	81	81	24	1452	4
89622495-5acb-4c44-8b5f-b0a6973ef9ee	FPLP01008839.8.1512	24485	81	81	24	1452	4
89622495-5acb-4c44-8b5f-b0a6973ef9ee	JN496824.1.1435	26989	81	81	24	1452	4
ba89fe50-3e32-46f6-9779-9ba1dfc92ce5	unclassified	0	0	0	0	3442	1
f2893bce-cb0d-41bd-8efe-e1e6ff116ec1	unclassified	0	0	0	0	1447	1
f3c3fc05-88aa-4366-9725-e4c791356c46	unclassified	0	0	0	0	2241	1
9cd78c23-a8b8-4606-bc92-735a2229c456	unclassified	0	0	0	0	1267	1
8550cf05-f445-4822-acfe-5c470a38446f	unclassified	0	0	0	0	1573	1
a5ce80f3-d5aa-4732-9d93-907ffaaefc67	unclassified	0	0	0	0	1929	1
9035b530-5a7b-4680-baf5-0fd51f0785fd	unclassified	0	0	0	0	1533	1
8313938d-b5be-4c5c-b119-e2ee73fd2308	unclassified	0	0	0	0	1574	1
da8efd6f-eecc-47f5-b4ed-7c883c1fee26	unclassified	0	0	0	0	1441	1
28451bb9-a310-4edd-969e-7d29c0f6eb5e	unclassified	0	0	0	0	1464	1
f8e69f5f-83fa-4de0-8132-e5074b87137b	unclassified	0	0	0	0	1162	1
049fc7c4-2587-49a3-9099-e4450ee1c97b	unclassified	0	0	0	0	1473	1
01226126-272e-4a56-bd28-1b2a14bf5ced	unclassified	0	0	0	0	1382	1
9cda8e82-38fe-44e0-86a5-db205a73b161	unclassified	0	0	0	0	1132	1
8ad160ce-f398-43fc-adc9-da583f33e31b	unclassified	0	0	0	0	1531	1
14e42f44-4c1d-46d4-b381-3b5936e5d93b	unclassified	0	0	0	0	1444	1
5d125629-5517-4ff6-9156-1dd6b5be003b	unclassified	0	0	0	0	1574	1
28dae8d4-a9db-4207-b5b9-e2b70050fee2	unclassified	0	0	0	0	1721	1
0a784e19-4e2b-4c3c-805f-5d98e2dbaf63	unclassified	0	0	0	0	1513	1
1f6ffaaf-880d-493a-a4e4-d4896d64117d	unclassified	0	0	0	0	1029	1
f27512b3-26d0-4876-975b-0a5d6000a472	unclassified	0	0	0	0	1196	1
fd9db08c-ecde-48e1-8c60-cdb80c6a3e1c	unclassified	0	0	0	0	2735	1
eb591d32-d430-4fe5-b6f4-dbb34e599ef6	unclassified	0	0	0	0	2401	1
bcfc81fe-2c50-42e6-b622-26f3af5811ca	unclassified	0	0	0	0	1508	1
9d674478-1fd9-400f-b65c-da71eeb16895	unclassified	0	0	0	0	1569	1
9927d6c4-df66-4202-bb66-67b6110ee192	FJ368843.1.1366	2004	64	64	23	8618	2
9927d6c4-df66-4202-bb66-67b6110ee192	FJ363812.1.1354	11384	64	64	23	8618	2
c3abb6a3-770f-4832-a63b-7d8688eaab31	unclassified	0	0	0	0	1630	1
f647f63b-418e-4b90-94a6-f750d81adcfa	unclassified	0	0	0	0	1636	1
42494fe4-92ec-474e-ab33-4ef3be5813b8	unclassified	0	0	0	0	1464	1
44dbf78d-5c76-4653-ad7b-e183fc2cec86	unclassified	0	0	0	0	1419	1
a48e8510-aad1-4d9c-8adf-0b6fc68c11f1	unclassified	0	0	0	0	1153	1
1f1cdae8-1594-4520-97f1-cdb40553cd25	unclassified	0	0	0	0	2792	1
9027bbfa-60f0-46aa-a24c-bb0ed965a082	unclassified	0	0	0	0	1525	1
a4fb81fd-7c8f-4bf4-b64f-b01a87c4fe95	unclassified	0	0	0	0	1470	1
1057b1d8-cb69-4643-ad98-04d07a526a4b	unclassified	0	0	0	0	1488	1
387012b0-74c5-448b-8c7f-ee3644a7e292	order	913	121	121	26	1438	5
387012b0-74c5-448b-8c7f-ee3644a7e292	family	25020	121	121	26	1438	5
387012b0-74c5-448b-8c7f-ee3644a7e292	family	24980	121	121	26	1438	5
387012b0-74c5-448b-8c7f-ee3644a7e292	family	25012	121	121	26	1438	5
387012b0-74c5-448b-8c7f-ee3644a7e292	order	25715	121	121	26	1438	5
e7b77c75-60ca-4b07-920d-5905137917ce	unclassified	0	0	0	0	1292	1
487e70e1-6d6e-48ac-b092-a09648a59520	unclassified	0	0	0	0	1809	1
be3de32c-549d-4219-84fb-46848d97e780	unclassified	0	0	0	0	3379	1
9f5f3c1f-393d-4393-aa6f-fb8096e90a22	unclassified	0	0	0	0	1497	1
fbacdf4a-d348-40ae-8c42-2534f1b23717	unclassified	0	0	0	0	1346	1
d7542136-143f-4526-abc1-692df0cbb944	unclassified	0	0	0	0	2654	1
fd7a1920-4d75-4d2a-ab97-edcb1361db33	unclassified	0	0	0	0	1484	1
79729125-7cce-4073-9f0c-e318b2164bc5	unclassified	0	0	0	0	1583	1
e3a9f452-9920-457f-a525-21ee5daaf9a5	unclassified	0	0	0	0	1578	1
47cce8db-4968-4596-a862-7aafc99dbdb4	unclassified	0	0	0	0	1548	1
eda6459c-6ad1-4613-9afe-e4b029d7dc30	unclassified	0	0	0	0	1456	1
24adc804-1d95-4e4e-96ae-8ca123fd123c	unclassified	0	0	0	0	1560	1
a72e9466-2191-423b-bd50-69fb4559ff6d	unclassified	0	0	0	0	1129	1
7c8373ea-b882-4d3f-810e-b7092b7fff3e	unclassified	0	0	0	0	1175	1
3ba6eb40-08e4-48ee-b54f-de2822814ee0	unclassified	0	0	0	0	1495	1
559689d1-6759-4bec-b5fa-d52cbb792a23	unclassified	0	0	0	0	1339	1
5e6c7c60-78b4-48b2-bae3-3b9d0a5e8eab	unclassified	0	0	0	0	1406	1
40d415a3-ce22-48be-92c6-897675e78247	unclassified	0	0	0	0	4499	1
01344e4d-2f4c-4673-92a6-340557e89a12	unclassified	0	0	0	0	1223	1
34645e62-2cd9-4302-9147-8f3f1c589fc5	unclassified	0	0	0	0	1924	1
2a96f449-aea0-4a2a-be77-7064d1da242d	unclassified	0	0	0	0	1371	1
6f72d6c2-3363-4b73-aa8e-0a7718b4a291	unclassified	0	0	0	0	1847	1
e25a4931-5e1a-4b5c-9445-5d16b6f970b3	unclassified	0	0	0	0	1915	1
3170d0b8-1b0a-4c9f-a7ff-adca99ef244a	unclassified	0	0	0	0	1446	1
40d8fd52-94ad-4d84-bc9a-40c68d254d4d	unclassified	0	0	0	0	1324	1
30c5519b-6dab-4bf2-909e-956d5943715f	unclassified	0	0	0	0	1508	1
dfa47f64-b7f2-4bad-9029-c8df1f7532a0	unclassified	0	0	0	0	1263	1
693ecf68-0f51-4b11-815c-ae870e1cf756	unclassified	0	0	0	0	1549	1
7bdd0f67-4f31-482e-8a85-e2adca9083b7	family	24980	121	121	26	1464	5
7bdd0f67-4f31-482e-8a85-e2adca9083b7	order	25715	121	121	26	1464	5
7bdd0f67-4f31-482e-8a85-e2adca9083b7	family	25012	121	121	26	1464	5
7bdd0f67-4f31-482e-8a85-e2adca9083b7	family	25020	121	121	26	1464	5
7bdd0f67-4f31-482e-8a85-e2adca9083b7	order	913	121	121	26	1464	5
2bb1c7fe-03de-4985-b5e2-813ca3c83199	unclassified	0	0	0	0	1566	1
ec3714a0-a231-4574-9e70-6dc8ac8a26ad	unclassified	0	0	0	0	1558	1
3345c4b6-17b2-46a8-a461-f82d871f0cdf	unclassified	0	0	0	0	1467	1
070a5d6d-44f1-44e1-b8b4-ff1c667001d6	unclassified	0	0	0	0	2618	1
cec7907a-f9d1-48ca-90a5-102452c295ad	unclassified	0	0	0	0	1407	1
43555d28-7c22-43a4-aa6a-b12f5400f801	unclassified	0	0	0	0	1274	1
fbe7ccff-e16f-474d-8f45-fad6ee109ec6	KT308789.1.1402	25027	81	81	24	1467	5
fbe7ccff-e16f-474d-8f45-fad6ee109ec6	FJ755748.1.1456	25012	81	81	24	1467	5
fbe7ccff-e16f-474d-8f45-fad6ee109ec6	KT308819.1.1476	25013	81	81	24	1467	5
fbe7ccff-e16f-474d-8f45-fad6ee109ec6	FPLS01048854.1.1269	25027	81	81	24	1467	5
fbe7ccff-e16f-474d-8f45-fad6ee109ec6	AM259918.1.1451	3550	81	81	24	1467	5
edbc632e-9b6a-4959-9e18-65fab5c97060	unclassified	0	0	0	0	1338	1
b055d05c-94f6-4aad-b20d-3999133a0b2c	unclassified	0	0	0	0	1398	1
4377f13b-dcf2-45ab-a6df-3e439f80d58b	unclassified	0	0	0	0	1427	1
738f3a78-a6af-46fb-a726-395f38c9d1aa	unclassified	0	0	0	0	2118	1
6e076e21-c82c-41cb-a591-5b227bdc6036	unclassified	0	0	0	0	1324	1
28084806-7eb1-40b7-8946-07d06452ef82	FPLS01053580.11.1501	4044	100	100	25	1470	4
28084806-7eb1-40b7-8946-07d06452ef82	AB360422.1.1429	4044	100	100	25	1470	4
28084806-7eb1-40b7-8946-07d06452ef82	FPLS01013471.21.1511	4044	100	100	25	1470	4
28084806-7eb1-40b7-8946-07d06452ef82	AB305640.1.1472	4042	100	100	25	1470	4
23a613d1-2027-4dff-a1bd-23a461e13da6	unclassified	0	0	0	0	1431	1
c5ab1eb4-2004-4ebe-a082-6efcb4baf235	unclassified	0	0	0	0	1030	1
1ec00402-4941-48b0-b660-abe756349bdf	unclassified	0	0	0	0	2525	1
8f09702d-ec51-4edb-af8f-4bb7f304805e	unclassified	0	0	0	0	2833	1
47ee7e35-a595-4c04-bf0a-50fe405a6cea	unclassified	0	0	0	0	1055	1
d55acc4e-c2ec-48c6-8a47-fc13067f4d84	unclassified	0	0	0	0	1273	1
7df528bf-fe42-4ef9-b894-3fe08fec755c	unclassified	0	0	0	0	1257	1
5435e19a-32cb-45b5-87bd-5e590f842923	unclassified	0	0	0	0	1984	1
4c2e86e7-0d77-47ef-9cd8-1006419ac32c	unclassified	0	0	0	0	1505	1
911b43bb-85dc-4bac-a7ed-dddb68b2b853	family	26981	64	64	23	1206	2
911b43bb-85dc-4bac-a7ed-dddb68b2b853	order	27008	64	64	23	1206	2
8ff89102-a42b-4bfb-8ffe-0b4058f285ee	unclassified	0	0	0	0	1439	1
b90de690-3b9b-4b97-969c-96df57b495b7	unclassified	0	0	0	0	1830	1
600e56a2-61fa-4351-95f6-110e8cff7a8a	GQ403685.1.1444	26091	144	144	27	1381	2
600e56a2-61fa-4351-95f6-110e8cff7a8a	JF167701.1.1367	847	144	144	27	1381	2
70f3842a-41f6-4ede-b693-c2d4694d2379	unclassified	0	0	0	0	1410	1
c644a9cf-6ae3-4b31-a81a-939560d0a499	unclassified	0	0	0	0	1458	1
4964e6f6-e5d3-445a-a835-2dc7b97eb602	unclassified	0	0	0	0	1445	1
a9f01ddd-2cdc-42cd-a424-8373cf85e961	unclassified	0	0	0	0	2836	1
37e7dbef-d7c8-4358-af7d-3c9b2604fb26	unclassified	0	0	0	0	9953	1
040affdc-dc50-4109-95f8-f4a2372092d0	unclassified	0	0	0	0	1085	1
de99d8c5-13d7-4566-b531-6aecded1a73c	unclassified	0	0	0	0	1156	1
145fd4a0-ec95-4d00-8488-c56a7fefeaf8	superkingdom	3	100	0	25	1456	1
9434e39b-ee49-4c67-8a3e-6c344de07495	unclassified	0	0	0	0	1451	1
c2aca04e-82b5-4552-b645-a68eff9b3a3d	unclassified	0	0	0	0	1115	1
f732b48f-74e9-48a8-b309-3992aab3a844	class	912	81	81	24	1395	4
f732b48f-74e9-48a8-b309-3992aab3a844	order	1863	81	81	24	1395	4
f732b48f-74e9-48a8-b309-3992aab3a844	order	26992	81	81	24	1395	4
f732b48f-74e9-48a8-b309-3992aab3a844	order	2823	81	81	24	1395	4
63f01386-0971-480d-8492-ff6b9ea44c23	unclassified	0	0	0	0	1525	1
9abdd9e0-13d3-4f7e-9a55-519e5aa14a8b	unclassified	0	0	0	0	3000	1
eadd4b33-1cae-47c4-92a1-d653679792d0	unclassified	0	0	0	0	1495	1
dd517bdd-878b-4c65-b956-cfcb4ba746a5	JN023966.1.1493	26863	100	0	25	1402	1
ca62a2db-910b-4118-89c3-ae0b97a7ed2a	unclassified	0	0	0	0	1801	1
f166ca96-1d29-4456-8fec-91dd6c3c47e1	unclassified	0	0	0	0	1507	1
db82d2c7-b8f2-49fc-90c8-d7b44af97bdc	unclassified	0	0	0	0	1905	1
f198daa6-846b-4a2f-8ca4-ca87cf80401b	unclassified	0	0	0	0	1517	1
719988f8-8ea8-4c49-a054-3a96f0b1e8a6	unclassified	0	0	0	0	1793	1
f7139308-59a8-4ecd-9688-be43d04ef190	unclassified	0	0	0	0	1460	1
081123c5-9097-4923-b110-3b458f6a77e6	unclassified	0	0	0	0	1528	1
7155472f-bfbd-4193-9e4d-529877be1d48	unclassified	0	0	0	0	1110	1
237f110e-0dff-417f-b357-1762b67eb7d9	order	2823	81	81	24	1501	4
237f110e-0dff-417f-b357-1762b67eb7d9	class	912	81	81	24	1501	4
237f110e-0dff-417f-b357-1762b67eb7d9	order	1863	81	81	24	1501	4
237f110e-0dff-417f-b357-1762b67eb7d9	order	26992	81	81	24	1501	4
a4449e0c-647a-4443-a81c-14bcac441b1f	unclassified	0	0	0	0	1328	1
4860ac11-9277-453f-b089-0d673fe6aa12	unclassified	0	0	0	0	4502	1
8432c2b1-6169-4e54-97e5-2cb831723878	unclassified	0	0	0	0	1344	1
c1f0cc45-5c0c-4342-afa7-c4ebeb9bcf31	unclassified	0	0	0	0	5144	1
4abfab5f-f944-45fb-828d-70447b2bbfd1	unclassified	0	0	0	0	1277	1
6e51ee55-392a-4f13-9049-d90600fcd1ca	unclassified	0	0	0	0	1455	1
cb66c7fd-aa6d-4a72-a8b5-f802df2ae4e1	unclassified	0	0	0	0	2550	1
e0e6e8f8-5c84-4d7e-b76c-2bce5d5cedea	unclassified	0	0	0	0	1432	1
25c73c1b-02dd-4255-85fa-7ef72c637bf7	unclassified	0	0	0	0	1134	1
ba7c639d-e11e-40d1-8cec-8ad193dabed1	unclassified	0	0	0	0	4596	1
39ed551d-f49e-4e57-add1-bad4a5a13870	superkingdom	3	81	0	24	1443	1
4ae6767d-03d5-405d-b559-8e34a95d6cf6	unclassified	0	0	0	0	1859	1
d376e8f9-4176-49a9-ae87-7178a0de04fe	HQ844478.1.1442	1688	100	0	25	2188	1
dea51f6d-ccc0-472c-8a3c-96ec92727231	unclassified	0	0	0	0	1234	1
f0a8bd56-7157-4b33-9a17-190bff9f2ebf	unclassified	0	0	0	0	1387	1
00655800-297f-469c-aabd-93260e92bd17	unclassified	0	0	0	0	1484	1
8c19065f-a0fc-44d8-9f1d-2508b5f8bc99	unclassified	0	0	0	0	1108	1
9c61df15-1074-41c7-b4a0-b217761e45d4	unclassified	0	0	0	0	1342	1
0429d32a-43c2-45a4-9125-63d17918c814	unclassified	0	0	0	0	1147	1
490bce8a-d2b2-47f2-bae0-ece79f4b8e30	KT906703.1.1467	0	256	256	31	1385	5
490bce8a-d2b2-47f2-bae0-ece79f4b8e30	genus	26410	256	256	31	1385	5
490bce8a-d2b2-47f2-bae0-ece79f4b8e30	family	2558	256	256	31	1385	5
490bce8a-d2b2-47f2-bae0-ece79f4b8e30	genus	26190	256	256	31	1385	5
490bce8a-d2b2-47f2-bae0-ece79f4b8e30	family	25901	256	256	31	1385	5
4001fed4-d65f-4bee-97c5-d5807f99a186	unclassified	0	0	0	0	1825	1
ffd13801-c95c-4032-a918-c68681d92784	unclassified	0	0	0	0	1464	1
9f3d6dc1-d944-411e-944a-9ec7526cb928	unclassified	0	0	0	0	1500	1
0b6f34d9-5582-4d8f-aad4-b66bcd333956	order	26921	64	64	23	1256	4
0b6f34d9-5582-4d8f-aad4-b66bcd333956	order	704	64	64	23	1256	4
0b6f34d9-5582-4d8f-aad4-b66bcd333956	class	912	64	64	23	1256	4
0b6f34d9-5582-4d8f-aad4-b66bcd333956	order	25715	64	64	23	1256	4
1bb86e0b-1c02-4060-88a5-737b9368f98a	unclassified	0	0	0	0	1098	1
d103b930-9c94-4c2e-9df1-5b3b0057b829	unclassified	0	0	0	0	1427	1
f9016cb9-cb13-4255-8a22-202448d83e72	unclassified	0	0	0	0	1039	1
7b3359ed-5f59-47b1-a5ad-44f3bf3a8beb	unclassified	0	0	0	0	1575	1
7f72143f-c6f9-4921-af15-e925062c9bcc	unclassified	0	0	0	0	1162	1
1d45f281-b435-4306-8ae0-30db45e42c77	unclassified	0	0	0	0	1220	1
280ac41d-d16f-4c42-baba-25f3e9f7dcd8	unclassified	0	0	0	0	1986	1
fd1e6df9-8b7a-43a6-8102-e9e5326714fa	unclassified	0	0	0	0	1442	1
025987f7-5b4a-4f7e-b9fa-e575ffd8e340	unclassified	0	0	0	0	3135	1
63bf723e-c367-45e0-9e97-63b1a9835d8d	unclassified	0	0	0	0	1264	1
ad36cb64-416a-45c5-9779-1872d04eaa13	unclassified	0	0	0	0	2023	1
355f6a92-beff-4ce4-88fe-87339a9dcd67	LVXX01000114.1239263.1241046	5145	64	64	23	1493	4
355f6a92-beff-4ce4-88fe-87339a9dcd67	AF124454.1.2392	13292	64	64	23	1493	4
355f6a92-beff-4ce4-88fe-87339a9dcd67	LVXX01000094.1603680.1605001	5145	64	64	23	1493	4
355f6a92-beff-4ce4-88fe-87339a9dcd67	LVXX01000400.135040.136597	25228	64	64	23	1493	4
ccf033a0-2fc6-48dd-ad43-16dcf90ad528	unclassified	0	0	0	0	1436	1
703c0915-4308-4889-8bfa-b13d2a076cd5	unclassified	0	0	0	0	1383	1
f0bdc5ac-7ef5-42a0-b49b-ca38933ba74a	unclassified	0	0	0	0	1525	1
7b8b3529-b8ff-4a21-911b-91f228a0700a	unclassified	0	0	0	0	1306	1
1a175e49-18ee-4c1e-bd62-528ffc242652	unclassified	0	0	0	0	1534	1
63685d3a-c35f-4c4a-a25d-b0523a3877fa	unclassified	0	0	0	0	1488	1
8d2af457-391e-4b3d-9584-88910358f3d8	AB507597.1.1528	985	100	100	25	1497	3
8d2af457-391e-4b3d-9584-88910358f3d8	AB637999.1.1481	25023	100	100	25	1497	3
8d2af457-391e-4b3d-9584-88910358f3d8	AB781617.1.1517	11171	100	100	25	1497	3
fe8b9749-6cd2-44a7-a4dd-764c04d7bec1	unclassified	0	0	0	0	1334	1
0001e963-ccb5-4e9a-92f7-2d937dd48dc6	unclassified	0	0	0	0	3953	1
5c1c6713-a1ea-4edf-9870-99996bf74ecb	unclassified	0	0	0	0	1067	1
8ef9961d-7893-423c-bc11-a3c88113db6a	unclassified	0	0	0	0	2016	1
71451157-b922-4e7d-ab35-018da3b2b17e	unclassified	0	0	0	0	1439	1
0db833f3-5a3d-4557-a1d7-765d24b25b5b	unclassified	0	0	0	0	1336	1
898f9e6a-9334-4fa1-b57c-d51b0966ecda	AB188791.1.1486	24595	100	0	25	3754	1
7f174f8e-d4f7-4cbd-8361-a83de774c536	unclassified	0	0	0	0	1403	1
bbc0d701-a719-47af-b147-ae993af78e7c	unclassified	0	0	0	0	5461	1
1dfe8467-42ec-463d-9c84-2d7690d69fd8	unclassified	0	0	0	0	1543	1
67bc6fa0-a8b6-40ee-946f-1d963f2a43ab	KT308257.1.1468	14279	81	81	24	1482	2
67bc6fa0-a8b6-40ee-946f-1d963f2a43ab	JQ216672.1.1328	25071	81	81	24	1482	2
b479b89a-0196-4549-87a6-223b6221bed3	unclassified	0	0	0	0	1380	1
ab7f9398-54ad-44df-8f92-686872caeae2	unclassified	0	0	0	0	1970	1
d6d9fb38-037c-46bb-a2c6-9196bf2e3912	unclassified	0	0	0	0	1408	1
ffc184bd-11db-494f-a0bd-7855e9208b06	HQ692021.1.1376	24760	64	0	23	1389	1
77ef4826-0820-403c-9cb6-1d81a7e258cb	unclassified	0	0	0	0	4355	1
3cbaa4e6-534c-41af-aee2-0b2b3d2932ee	unclassified	0	0	0	0	1453	1
1d9b281c-5c47-435f-910a-bec82f90dfa6	unclassified	0	0	0	0	1426	1
1c4ffa6b-8946-41a3-b4b8-c4ab7a04e52d	unclassified	0	0	0	0	1983	1
fa69193a-5c98-45d1-a7ef-afdb82cbca22	unclassified	0	0	0	0	1253	1
8c0296de-bc55-4a15-a9ae-800b31ac7382	unclassified	0	0	0	0	4530	1
ef833daa-326c-4a36-8994-06c1f28c2f4b	unclassified	0	0	0	0	1004	1
529391b4-db1e-4c3f-b232-853c5ac71011	unclassified	0	0	0	0	1432	1
e36ef612-f4d0-4419-8c62-289d4650827e	unclassified	0	0	0	0	1484	1
4bcec0ec-be0f-4634-a43e-da82d215d623	unclassified	0	0	0	0	3076	1
c324cd03-ac3a-4484-97d5-f9fc15d2cd9b	unclassified	0	0	0	0	1455	1
bb76aa36-16b1-47aa-b6fe-d6295de5de65	unclassified	0	0	0	0	1507	1
0a30bdc4-f423-4b49-9880-43dd77d07c2a	unclassified	0	0	0	0	2518	1
356c6412-f0a6-4343-b792-b8285b50c53c	unclassified	0	0	0	0	1431	1
b6626903-5fb0-4b2d-9682-2a7d2985c7e8	unclassified	0	0	0	0	1411	1
a8807f98-7431-459a-82fa-2b6531e0a6f5	unclassified	0	0	0	0	1242	1
28a859dc-cee7-4b18-80f3-a2e6ba3c0f62	unclassified	0	0	0	0	1611	1
55327e88-5119-4ef8-a675-d43349e40d84	unclassified	0	0	0	0	2355	1
950433e4-7773-4ee7-a84c-09bf2dc0efc3	unclassified	0	0	0	0	2524	1
1f9cb4db-116d-4517-8835-060770283731	unclassified	0	0	0	0	1547	1
ea85a2b4-ac83-47e4-8f06-229a06069691	unclassified	0	0	0	0	1537	1
a3c47d34-c99d-4be9-9e9b-5f54df8992ca	unclassified	0	0	0	0	1233	1
859e81aa-d525-4a9e-ab47-3600af4b2e95	unclassified	0	0	0	0	1366	1
9c18ca58-4d8c-4f43-a691-a858002bf18c	unclassified	0	0	0	0	2453	1
14ed0212-f206-4328-b2f9-2a793e3ef474	unclassified	0	0	0	0	1548	1
76d8373a-6f4b-4406-9b05-994f86b10ce1	unclassified	0	0	0	0	2616	1
60edc3e3-5324-412c-ae6c-bf655f0a4274	unclassified	0	0	0	0	1639	1
c0f1cc0f-b9db-4178-aedf-1435d81c2a91	EU791059.1.1511	24634	144	0	27	1442	1
b3f46d3a-6a85-45e2-b5ed-f08db407945a	unclassified	0	0	0	0	1547	1
072327ed-ff52-4509-a670-478f6b928cfc	unclassified	0	0	0	0	1448	1
822bfd8d-542b-4c4c-9200-cf9fa8ea6ccd	unclassified	0	0	0	0	1432	1
cc8cfe4e-f963-475e-a3a6-21f162bfc9cc	unclassified	0	0	0	0	1417	1
19c302ba-d0c8-490a-9901-d3ed722f6abd	unclassified	0	0	0	0	1422	1
46efe074-b6ea-4f71-ab7e-15cc2aa3bbcf	unclassified	0	0	0	0	1363	1
8b8efacb-9d7d-4855-b8a8-f968958b3cf0	unclassified	0	0	0	0	1305	1
189a16a6-cbe1-4805-ad71-5c599fcab23a	unclassified	0	0	0	0	1809	1
067d4755-36a2-448a-bd1e-90bbaeb2f7ca	unclassified	0	0	0	0	1869	1
5e9e6751-0fac-4cb9-8350-17eac1c7c698	unclassified	0	0	0	0	1516	1
37bf98a1-dd4c-4872-a2a3-4149d7380fbd	unclassified	0	0	0	0	2597	1
bc8a1fd2-6159-441c-a8fa-ea3bd49340f8	unclassified	0	0	0	0	1028	1
d238f954-cf80-4fc2-8bd9-0c7bbf12b755	unclassified	0	0	0	0	1415	1
b7872821-8431-4375-bb9e-39a755970c29	unclassified	0	0	0	0	2027	1
d94af3d2-a401-4d8e-9284-d0c66962dc2e	unclassified	0	0	0	0	1468	1
214b600f-96bf-45d9-ba47-2d6eeb712ca4	family	26981	64	64	23	1441	2
214b600f-96bf-45d9-ba47-2d6eeb712ca4	order	27008	64	64	23	1441	2
e2b3764d-d592-4167-92ef-12ba5c0885c7	unclassified	0	0	0	0	1916	1
2fa02c76-949a-456a-8882-4ac87cc8d106	unclassified	0	0	0	0	1579	1
85a25441-8e55-48d5-b10a-1c5ace7b6762	unclassified	0	0	0	0	1599	1
bd657a03-05f3-413f-ba07-0c416d511c18	unclassified	0	0	0	0	1465	1
d4766e1b-b23f-4b7a-aede-d9fc6c960e70	unclassified	0	0	0	0	1480	1
506741ed-5842-43e0-b54b-b22d0fb9321a	unclassified	0	0	0	0	1780	1
50eeb359-fecc-4a88-b9f2-e817ec8ea2b9	unclassified	0	0	0	0	1314	1
cfb4fc8b-6c14-4b63-8177-9627a3d24eca	unclassified	0	0	0	0	1586	1
1776c4ca-83f1-48af-8841-be8b90e84364	unclassified	0	0	0	0	2140	1
acaf04d1-9283-4b5c-9a35-312e712f1343	unclassified	0	0	0	0	1326	1
5de5f79f-6b27-46ed-b343-d6f79b84bbb8	unclassified	0	0	0	0	1511	1
20590b56-0cfe-4bb7-8b2c-306dedd47f02	unclassified	0	0	0	0	1464	1
d6213ce7-202c-474a-9470-c8460e65e0fe	unclassified	0	0	0	0	2081	1
908a2e87-73b7-44ef-9852-cb65faad91f2	unclassified	0	0	0	0	1401	1
f166577a-3cd9-4161-82d0-e041aecab969	unclassified	0	0	0	0	1421	1
b55de34e-5e4c-4d06-8346-393e697ef103	JN023551.1.1477	24496	64	64	23	1431	2
b55de34e-5e4c-4d06-8346-393e697ef103	KF064071.1.1345	24519	64	64	23	1431	2
b9db0acc-ae67-44ea-986d-44f8ec2ed1ab	unclassified	0	0	0	0	1732	1
71a480d0-c6f7-4a8a-959c-70959c6369e5	unclassified	0	0	0	0	1387	1
e48e7feb-31d4-4574-a3b1-b9f1080d6ad4	unclassified	0	0	0	0	1492	1
dcc31940-7fad-4139-a9eb-bf4466892435	unclassified	0	0	0	0	1019	1
f5e65548-35cd-423d-9607-7d6ea6cf586f	unclassified	0	0	0	0	1281	1
ad8a3393-2c5c-4383-9e8c-d498c72a9aa0	unclassified	0	0	0	0	1518	1
4d6ebcdb-ae6b-46ea-a21e-7c4b1e729492	unclassified	0	0	0	0	1852	1
403995e2-81b6-4a5a-976d-f2e4ed55052a	unclassified	0	0	0	0	1588	1
4d062ab2-cfa4-4987-aae4-ce45c418281f	unclassified	0	0	0	0	1466	1
035bbc73-04db-4740-965d-6e2b19f86440	unclassified	0	0	0	0	1360	1
4fa949d2-6d7a-440a-ac89-cf5ea541ede3	unclassified	0	0	0	0	1258	1
1219bacc-093a-4c5e-8ba7-bae70ad70c00	unclassified	0	0	0	0	1452	1
1e273101-3a18-4985-8b4f-9f5534d7f1d2	unclassified	0	0	0	0	1346	1
a9e7bd84-06e0-4914-93c3-20974b5e9166	unclassified	0	0	0	0	1197	1
91a9fd8c-46f2-4c64-bd69-a0aa4c0a6373	unclassified	0	0	0	0	1736	1
cf68b396-d765-4821-8398-5a458c92c497	unclassified	0	0	0	0	1059	1
ee3dc71b-8088-48a7-8cdf-cdff4a189114	unclassified	0	0	0	0	1179	1
20a5026f-f1b4-4d92-a368-f4f6a8e167ad	unclassified	0	0	0	0	1712	1
45e55250-b9d1-448c-af88-4eb9d72da54e	unclassified	0	0	0	0	1426	1
aeca9c9c-705c-4cc4-8fa3-8831f727a35b	unclassified	0	0	0	0	1814	1
f968d44d-899c-4b20-a57b-115ba402b9a8	unclassified	0	0	0	0	1253	1
b61edf86-e5da-493e-9bbe-d9d51a00221d	unclassified	0	0	0	0	1157	1
1b47094d-61a7-4766-b6d1-f65ed43a93a2	unclassified	0	0	0	0	1493	1
5ac0eaab-43cf-4cf5-a7ca-760ca1e87bb1	JF137027.1.1374	3235	64	0	23	1448	1
10a4496e-1dcb-407a-b058-377d03e3975d	unclassified	0	0	0	0	1479	1
79c3c515-b19a-4472-a3c8-8c1c03083056	unclassified	0	0	0	0	1043	1
5bd4e458-678a-4c54-b226-76f75cba4d65	unclassified	0	0	0	0	1446	1
8c3f34e4-6859-40d7-863c-9beb494356fa	unclassified	0	0	0	0	1520	1
3e77a0ad-d574-4977-884a-a584d6acbe65	order	913	121	121	26	1190	2
3e77a0ad-d574-4977-884a-a584d6acbe65	family	1680	121	121	26	1190	2
bfbc3719-28c8-45b7-bda5-c293dab1abb6	GU134924.1.1408	26006	64	0	23	3251	1
a8b51159-45ba-4da3-a491-726042d9ff30	unclassified	0	0	0	0	2217	1
fbc75bf9-b5b7-4531-a056-1cbba2f53800	unclassified	0	0	0	0	1431	1
c06f2099-ea20-477f-a96c-c6486ca9139f	unclassified	0	0	0	0	1352	1
3a15e9b8-abf9-4128-8639-83153744929d	unclassified	0	0	0	0	1402	1
0ea14c5f-8977-4c48-be43-44360b3f662e	unclassified	0	0	0	0	1480	1
224d3f65-942c-40bb-912f-91e431b20010	unclassified	0	0	0	0	1878	1
e3b8ce32-4698-491a-aeb8-cf8bb56d2813	unclassified	0	0	0	0	1509	1
e8a2a50b-1b87-4e35-9935-d49cbf61f90e	unclassified	0	0	0	0	1261	1
cbc0941d-46c5-42da-ba95-7364bd973d3a	unclassified	0	0	0	0	1574	1
59736de7-3102-427d-8298-aea87ab280d1	unclassified	0	0	0	0	4604	1
a2e0b4c4-dfc9-4be8-b04c-8d4ea5e526a1	unclassified	0	0	0	0	1472	1
edd89655-8484-41db-b8f8-67a2de403d43	unclassified	0	0	0	0	1358	1
0a90db8f-c02d-4302-bb1c-632b11bcad93	unclassified	0	0	0	0	2934	1
f3734b51-71b4-4c01-8c6a-bfc48e509097	unclassified	0	0	0	0	7547	1
11c84922-2b01-4692-b8f3-c4664ef5e080	unclassified	0	0	0	0	1821	1
adf431bc-3bbf-4aef-9c26-26c3b0cf20cd	unclassified	0	0	0	0	1490	1
9a342e70-d583-412f-a12c-82179b1f80f4	unclassified	0	0	0	0	1425	1
ac0236a1-3e9a-4e42-8a28-b9f3f3d86fd4	unclassified	0	0	0	0	1141	1
f1d55973-f4e4-4621-8892-87e81e78e04c	unclassified	0	0	0	0	1443	1
2c69958d-dd2d-45ea-8d69-c96ba90f8be2	unclassified	0	0	0	0	1542	1
775c7eab-0d37-4981-b6e5-3e9d693f5e5f	unclassified	0	0	0	0	1539	1
25d9e254-9ff8-4feb-8b57-bb92bf56fc7f	unclassified	0	0	0	0	2003	1
bace47c6-cdb7-4275-a448-d9273b1c1059	unclassified	0	0	0	0	1274	1
cec8e1e4-f352-4d0d-80c8-cc454638a6f9	unclassified	0	0	0	0	2356	1
7f8dc2da-73ae-4055-a3c6-b4e24c20cf24	unclassified	0	0	0	0	1473	1
e0e6e70e-ffb7-464b-ac34-4eea4ec8b50a	unclassified	0	0	0	0	1414	1
03c58167-af41-4202-835e-7500e1406692	unclassified	0	0	0	0	1447	1
0059dab7-e11c-4a36-a84e-548f4eb380b0	unclassified	0	0	0	0	1092	1
e435c48e-1767-4605-bccc-636395fa4783	phylum	321	64	64	23	1483	5
e435c48e-1767-4605-bccc-636395fa4783	class	2299	64	64	23	1483	5
e435c48e-1767-4605-bccc-636395fa4783	class	25561	64	64	23	1483	5
e435c48e-1767-4605-bccc-636395fa4783	phylum	1672	64	64	23	1483	5
e435c48e-1767-4605-bccc-636395fa4783	phylum	2375	64	64	23	1483	5
9c29a3d6-edc0-4544-9861-57e16952bc6c	unclassified	0	0	0	0	4173	1
d0271265-169a-4287-9c2c-1d2265222a79	unclassified	0	0	0	0	1258	1
9098f73c-2374-43d2-95e4-7619ec66dbc5	unclassified	0	0	0	0	1711	1
6c474ca9-84f5-43b7-a8dc-216277f6ed24	unclassified	0	0	0	0	1539	1
491ae780-923b-4651-af23-107f97ab6f1f	unclassified	0	0	0	0	1652	1
071c7298-5157-4478-916d-bb796fcc3017	unclassified	0	0	0	0	1710	1
018e11ee-f609-408a-8bfc-9d1f4713ef4f	unclassified	0	0	0	0	1231	1
4db57fcf-6e6b-4581-94ec-cd2a8758dd32	unclassified	0	0	0	0	1510	1
8683c35f-f789-4a91-bd1f-d48f15867a72	unclassified	0	0	0	0	1459	1
91f87acc-fd31-4901-b99b-8db6830860b1	unclassified	0	0	0	0	1167	1
94996474-db8c-42bc-9304-c394614b5a81	unclassified	0	0	0	0	3147	1
9faf61db-d7c6-4a4b-8930-ffbbde6ea7e2	unclassified	0	0	0	0	2053	1
95bc7e7f-4108-4733-9289-78dce305d00c	unclassified	0	0	0	0	1386	1
2d695d1b-c920-41cb-b802-2d8670e27e36	unclassified	0	0	0	0	1633	1
f54adf39-5e52-46d7-9fe1-aabda577a0fc	unclassified	0	0	0	0	1191	1
6ca92395-1936-43d1-bcb8-f17cec66adb9	unclassified	0	0	0	0	1432	1
a083b8f8-dff7-4893-92d3-e6c3cb517006	unclassified	0	0	0	0	1410	1
3f3de724-ba27-4efc-a605-6038925d8876	unclassified	0	0	0	0	1428	1
97c99f55-51b2-426b-b730-de56a53f7a89	unclassified	0	0	0	0	2750	1
f26462b5-4e28-4074-8074-3740a6b4fe5e	unclassified	0	0	0	0	1822	1
299bcfe0-dcce-4aab-a0c7-c3d0e8215233	unclassified	0	0	0	0	1428	1
0f717ce5-beb6-4ca9-ae81-2ef9d6d32cf4	unclassified	0	0	0	0	2958	1
060f8b25-a4a8-44a5-a592-ab512727bf2b	unclassified	0	0	0	0	1173	1
926f0158-a9ca-45ab-9ce3-cff2e0965682	unclassified	0	0	0	0	1256	1
37cf7b66-41c8-4853-ac33-09a6dc034044	unclassified	0	0	0	0	1227	1
5a959229-04f6-405f-87e5-8fa3037d8bbd	unclassified	0	0	0	0	1406	1
820ce73e-4780-43d9-acfa-b67b11a404b8	unclassified	0	0	0	0	1447	1
5d993c0f-63e6-4dfd-999f-6e64536cc5a3	unclassified	0	0	0	0	1014	1
324e6abf-d472-4f6f-8b8b-46839ea6db07	unclassified	0	0	0	0	1610	1
4520c858-eaec-497f-9fa1-893c6a52d0ce	unclassified	0	0	0	0	1406	1
2664ead9-5bd1-4852-b3c2-66f3c94ffcdb	unclassified	0	0	0	0	1448	1
97c286d2-ca69-48ed-a355-6ae6bc236aad	unclassified	0	0	0	0	1621	1
c7e38533-20eb-43df-a3a8-da7b50544343	FPLN01004683.12.1497	0	169	169	28	1232	2
c7e38533-20eb-43df-a3a8-da7b50544343	genus	1688	169	169	28	1232	2
9068ade6-a311-4be6-acba-b8cedf65c633	unclassified	0	0	0	0	3144	1
bfb23b7f-ce23-4797-b550-635727aeea52	unclassified	0	0	0	0	1371	1
dc2fe7d5-6e27-44a6-b6fa-b800e6ad530d	unclassified	0	0	0	0	1766	1
cf5a1cf0-0f68-427e-9ec4-e454626e2c86	unclassified	0	0	0	0	1520	1
a6553e6e-4ec9-4580-b45c-08c322d1d0ac	HM856492.1.1436	494	64	64	23	1337	2
a6553e6e-4ec9-4580-b45c-08c322d1d0ac	FJ203282.1.1440	24493	64	64	23	1337	2
72ac25e0-7f82-47d5-a0fc-5d6de2a29a16	FPLK01000003.11.1518	27008	144	144	27	1454	2
72ac25e0-7f82-47d5-a0fc-5d6de2a29a16	KX504360.1.1489	27008	144	144	27	1454	2
a05c72fe-1b31-488e-924f-08d6b0ef8716	unclassified	0	0	0	0	1579	1
801dac18-9018-421a-b954-9e446af37270	unclassified	0	0	0	0	1832	1
40d70e77-1c1d-41e5-b227-c63c9049692a	unclassified	0	0	0	0	1830	1
0e0f7913-0ffc-4ff7-821f-58417bbe06bf	unclassified	0	0	0	0	1632	1
be4f8245-52b6-4fee-baff-44701e9c420f	unclassified	0	0	0	0	1343	1
dc916bca-8dc7-4198-a01e-c36dc4aa2c08	unclassified	0	0	0	0	2170	1
f5e6a8e6-0f12-488c-82db-6559ab974670	unclassified	0	0	0	0	1441	1
58456e40-2042-4962-ba77-91a3f5cae274	unclassified	0	0	0	0	1447	1
1cd222a2-f087-4be4-b8ba-487ca9e6bf5a	FPID01000033.9.1471	1688	81	0	24	1551	1
44383920-3f5f-47bb-9cab-e5c2c2557974	unclassified	0	0	0	0	1475	1
213d5824-00ce-4f18-a58e-e85795216347	unclassified	0	0	0	0	1390	1
bb11d141-33e1-4d9d-a9ad-ec9feaddbe73	unclassified	0	0	0	0	3773	1
a7c4d889-27fa-4843-b343-a54977bcffa5	GU302660.1.1513	11331	100	100	25	1569	3
a7c4d889-27fa-4843-b343-a54977bcffa5	GU303984.1.1498	11319	100	100	25	1569	3
a7c4d889-27fa-4843-b343-a54977bcffa5	JN023424.1.1477	24496	100	100	25	1569	3
ac954c92-848a-4c1a-8cff-9f00231d5997	unclassified	0	0	0	0	1366	1
cc095174-1984-4cc9-9d06-a32011bfa540	unclassified	0	0	0	0	2740	1
efdcbe1f-be87-4f98-993e-fffe548f3a5e	unclassified	0	0	0	0	2195	1
01358fbc-0ddb-4de7-ba55-91ab6f8c33b8	unclassified	0	0	0	0	1472	1
5c96f3c4-3bde-4358-a1b2-a96b28fdd9ee	unclassified	0	0	0	0	2264	1
c7b0d4ac-db62-4771-bc77-c4305e295a38	unclassified	0	0	0	0	1566	1
373dda48-1bde-44a3-9324-41f9b3074264	unclassified	0	0	0	0	1234	1
3a3cc978-e92e-4caf-b363-980165d06ae9	unclassified	0	0	0	0	1144	1
d5a77a62-2bc1-42e1-aaf4-c9ac41d4ad24	unclassified	0	0	0	0	1463	1
95cba67d-1893-43eb-aded-9e8001179b32	unclassified	0	0	0	0	1405	1
ff602cc6-28c2-4033-88b3-607338e0884b	unclassified	0	0	0	0	1098	1
f61b1bca-1e3e-4871-95d3-f8e97ef52b6a	unclassified	0	0	0	0	2220	1
77625439-5402-4733-8271-8257df297fb1	unclassified	0	0	0	0	1167	1
2d057021-5457-480d-9064-3034f99c097e	unclassified	0	0	0	0	1736	1
4ff5fc30-b2f6-4ab4-9d17-0d77238b34d1	unclassified	0	0	0	0	1444	1
a49f56f6-c965-435e-8eb7-3347a4d23b60	unclassified	0	0	0	0	1419	1
951a38e0-86c0-46dc-9ed2-4c8a74143cb1	unclassified	0	0	0	0	1414	1
01e6feca-cae0-4fc6-ac31-d7494d0b9e46	unclassified	0	0	0	0	1461	1
dd51535e-c63c-4228-a0ad-48bec7e8d038	unclassified	0	0	0	0	3779	1
8dc9efa0-4dbc-4f7a-a4e1-1af0fcd49ba1	unclassified	0	0	0	0	1812	1
e162d608-93e8-4045-8fc2-cacdfcc21c36	unclassified	0	0	0	0	1245	1
368390bd-387e-4d84-8d5c-bbe57345ea0c	unclassified	0	0	0	0	1927	1
e1c523cc-924d-43df-9c31-309336235611	unclassified	0	0	0	0	1408	1
1984cdf1-60b8-48e3-8789-8f8720d7990e	unclassified	0	0	0	0	1214	1
49817631-bc57-447e-af7a-370060c51ddf	unclassified	0	0	0	0	1477	1
193a2cc3-e289-4d36-b049-4daee1a3ccbf	unclassified	0	0	0	0	1494	1
183c04be-57a5-4676-9325-999d4e264304	unclassified	0	0	0	0	1547	1
1123c4e0-713e-4c35-b860-335e7ed1b1d3	unclassified	0	0	0	0	1539	1
907eec06-8ebe-42da-b574-d3eb30d03314	unclassified	0	0	0	0	1538	1
feb7aa00-f554-4d9c-982f-ec8963934241	unclassified	0	0	0	0	1264	1
649ff153-a906-4667-9a3f-fab3d9f47154	unclassified	0	0	0	0	1497	1
32335e98-8bc4-415b-aea5-0c585acc37e4	unclassified	0	0	0	0	1440	1
97c82d1e-4a13-4ad6-bd16-26d1efff48f4	unclassified	0	0	0	0	1634	1
bc6bcc31-53f4-42eb-b4e1-00c52b9a8d77	unclassified	0	0	0	0	1424	1
6042ba90-10ec-4fc1-87a2-95f9ab64a3d8	unclassified	0	0	0	0	1496	1
2c46590e-e947-44a0-a4e7-ca32e058858c	unclassified	0	0	0	0	1595	1
e36f2e7c-17d9-4e78-9b64-2943075ed82a	unclassified	0	0	0	0	1578	1
f58f5592-3ce9-4cf3-95de-b545bc3008fb	unclassified	0	0	0	0	1478	1
826481d5-196c-4e77-a838-bacb32cf9b9c	unclassified	0	0	0	0	2022	1
ab7284e6-c8bd-4d8b-b539-f850ec43b527	unclassified	0	0	0	0	1179	1
1b4a770d-c891-4a54-9a0a-38723556c6cd	unclassified	0	0	0	0	2659	1
b194e2ff-da57-4f97-8b59-7db62a898a20	unclassified	0	0	0	0	2259	1
61e6933d-01db-487d-908e-7126461c709a	unclassified	0	0	0	0	1486	1
ccefe2f1-4c30-416e-9d5f-12acb0fb63c9	unclassified	0	0	0	0	1431	1
eb6ad09c-3b77-4e43-89c0-09941819f273	unclassified	0	0	0	0	3240	1
e427f56d-b646-4bb7-bce3-394709840c00	unclassified	0	0	0	0	1492	1
b924ca19-19a0-4e14-85b8-4e66e512bd38	unclassified	0	0	0	0	1532	1
28c303f5-bba1-4bad-8a91-a1a107e59aa6	unclassified	0	0	0	0	1515	1
3892b6ea-0116-476d-be2e-a9bd9c981819	unclassified	0	0	0	0	2190	1
a508d82a-7345-4110-ab30-6be1a429fc4d	unclassified	0	0	0	0	1102	1
8672ef17-6c27-45ad-a14d-8771517955f5	unclassified	0	0	0	0	1511	1
680e2181-b227-4b29-a4bd-32d09e2c23f7	unclassified	0	0	0	0	2808	1
246f7ac4-a644-4516-b82c-19dd9a595831	unclassified	0	0	0	0	1674	1
6471d732-1c40-4306-a01f-153989b910e0	unclassified	0	0	0	0	1316	1
2b84e086-2559-4ea9-b137-37b6553ea052	unclassified	0	0	0	0	1429	1
2ee80912-d296-4416-ad60-1a823969cbff	unclassified	0	0	0	0	1020	1
3d894fda-5a65-449f-b636-1c006ec4de7a	unclassified	0	0	0	0	1431	1
26d8540f-16c6-476e-8c07-667d5833cbc8	unclassified	0	0	0	0	1184	1
2cbb545b-4c76-442b-baa0-1adc07978980	unclassified	0	0	0	0	1166	1
a0967ef0-d0f1-4f02-9537-84a274df1361	unclassified	0	0	0	0	1607	1
0ff941a5-f964-4011-8219-864fe358bdac	unclassified	0	0	0	0	1295	1
85ae82d1-343c-49f5-a5c9-90e6a4732995	unclassified	0	0	0	0	1354	1
0a268aec-5780-47cd-b539-d12998f77bb5	unclassified	0	0	0	0	1101	1
54b9ae44-2e72-4b84-867f-b5f8fac66172	unclassified	0	0	0	0	1502	1
aa978ae9-d2e9-4da9-960c-76934d2fca3c	unclassified	0	0	0	0	1580	1
0539782b-1f44-4c87-ab15-1a8a3af32559	unclassified	0	0	0	0	1069	1
faa89982-8b20-4609-8792-acb12d271b8e	order	27008	81	81	24	1423	2
faa89982-8b20-4609-8792-acb12d271b8e	family	26981	81	81	24	1423	2
d37ff3d2-3943-45bd-ba11-bae01e1ec616	unclassified	0	0	0	0	1496	1
684e4928-db73-414a-b206-868b95491d49	unclassified	0	0	0	0	1301	1
53d6ac2a-bdcf-4a8d-b240-7ecd7bead27f	unclassified	0	0	0	0	1356	1
f433bbaf-3482-479f-9610-f14db5f5e0f4	unclassified	0	0	0	0	1487	1
c22518a6-6dc0-416f-9f28-65940523ffa6	unclassified	0	0	0	0	1624	1
58e31892-5796-4769-9316-ff5e99777ded	unclassified	0	0	0	0	2611	1
70e2be54-7b3e-4788-89c5-82b41321d8bf	unclassified	0	0	0	0	1503	1
290d338a-3aec-4118-8b01-3f908dd18f4e	unclassified	0	0	0	0	1699	1
07582693-0b6b-457f-b37f-f0e40445b8ac	unclassified	0	0	0	0	1979	1
617f1d2d-d53f-493c-8803-4fcf3028755c	HQ178727.1.1445	25012	100	100	25	1349	3
617f1d2d-d53f-493c-8803-4fcf3028755c	JN452804.1.1300	25877	100	100	25	1349	3
617f1d2d-d53f-493c-8803-4fcf3028755c	JN450175.1.1385	25007	100	100	25	1349	3
ae3460c3-5529-4f7d-9379-bde095cfc1a4	unclassified	0	0	0	0	1442	1
7edbac63-6e0f-4b6e-93b6-0f31e5c1bb2f	order	1863	121	121	26	1419	5
7edbac63-6e0f-4b6e-93b6-0f31e5c1bb2f	family	3901	121	121	26	1419	5
7edbac63-6e0f-4b6e-93b6-0f31e5c1bb2f	FJ478506.1.1446	0	121	121	26	1419	5
7edbac63-6e0f-4b6e-93b6-0f31e5c1bb2f	family	1388	121	121	26	1419	5
7edbac63-6e0f-4b6e-93b6-0f31e5c1bb2f	family	24486	121	121	26	1419	5
23425616-fd75-42e9-9440-30a587fb97db	unclassified	0	0	0	0	1559	1
de9c4a34-9ddf-4177-9da4-432b002d557e	unclassified	0	0	0	0	1327	1
37f1bea3-1029-45e7-ba8a-65ef5f6adaa9	unclassified	0	0	0	0	1517	1
c3f8dd9a-997a-411b-9117-7ead127eb99c	unclassified	0	0	0	0	1479	1
6fb2bde3-cd8e-4c33-948b-dfcc50ba42d9	BX294814.2.1281	2294	81	0	24	1410	1
c01fb2ca-688c-4b72-99fa-d426b14d3927	unclassified	0	0	0	0	1449	1
3ffa276e-91c6-4127-a325-75bf5f808667	unclassified	0	0	0	0	1565	1
c57e5585-84f5-43d9-baf6-89550bd5d1e1	unclassified	0	0	0	0	1113	1
08b5fe42-f499-4f8e-82a8-f533aa15e487	unclassified	0	0	0	0	3649	1
6d797974-75ed-4530-aeab-cb480b610900	unclassified	0	0	0	0	9352	1
38d6433a-5dc7-43bd-b895-650ba2a51142	unclassified	0	0	0	0	1599	1
55142f48-15df-455e-87dd-6a270f3ee7ae	unclassified	0	0	0	0	1249	1
21ed5dfb-0074-4933-a20d-7cd36fe6a4bc	unclassified	0	0	0	0	1252	1
6a53729a-3c1a-4b18-9917-cab213161db7	unclassified	0	0	0	0	1183	1
e0f6f3ba-f9d4-4555-8d7d-197f728caf18	unclassified	0	0	0	0	1417	1
501c81d5-d2d7-4058-bfb8-ff29664e939e	unclassified	0	0	0	0	1531	1
51349699-01c0-40b2-91a2-fdeadaee6f6a	unclassified	0	0	0	0	1419	1
f25d6559-bf03-4350-81b7-042fdf6ac424	unclassified	0	0	0	0	1491	1
6f1a8bb0-188e-4c29-8c1b-3f72e6ba189b	unclassified	0	0	0	0	1393	1
9a595cdc-0b12-4c20-a0f4-e4b40ab18e95	unclassified	0	0	0	0	1217	1
c5907a44-cbb7-4881-8d75-ae3bb2d559c9	unclassified	0	0	0	0	1408	1
9cc4e895-f77f-46cd-903d-485e041ad3d4	unclassified	0	0	0	0	1143	1
94595863-bcbc-4b7d-b29c-d6d1142f91c4	unclassified	0	0	0	0	1495	1
b62ff9f7-f388-451d-913c-a08d4dddd79b	unclassified	0	0	0	0	1554	1
a1367c29-8b5c-4a9e-b002-6c103e7519c1	unclassified	0	0	0	0	1900	1
85848a63-f754-46f9-9901-1ad7f9083351	unclassified	0	0	0	0	1483	1
77dc85a1-7147-4482-b67e-2fb67c940f62	unclassified	0	0	0	0	1440	1
caac8391-5672-4d31-971e-1827d17e200a	unclassified	0	0	0	0	1392	1
a0230a2f-e5b1-40a8-95c5-102dfe93b9e8	unclassified	0	0	0	0	1450	1
3fd8d80b-b276-4cd8-aae2-019165e8ba89	unclassified	0	0	0	0	3685	1
3c0fe3f5-5ba8-4ffd-bc58-bf551659d534	unclassified	0	0	0	0	1325	1
830369e3-2589-424a-983c-77f089becd7b	unclassified	0	0	0	0	1483	1
a6ac17cd-432f-46cf-8b31-8ff0fa86e4ae	unclassified	0	0	0	0	1926	1
5c243bf7-66ab-4fd9-8855-8d422eca181a	unclassified	0	0	0	0	2149	1
3d5b8b17-e9f1-4312-9378-4f3d262c0be9	unclassified	0	0	0	0	1249	1
d814e45a-1112-4595-bd6b-f724feab69fc	unclassified	0	0	0	0	1551	1
792b7719-4a02-4767-b875-79763864d052	unclassified	0	0	0	0	1143	1
34b487a9-13c8-4d60-b042-b3a98a2947f8	unclassified	0	0	0	0	1453	1
d4587b55-cead-4f90-8a7f-03ef437b9c44	unclassified	0	0	0	0	3394	1
11a1e2fb-24d6-4fef-a960-5af716c1afa9	unclassified	0	0	0	0	1076	1
7162df4f-c790-4aed-b195-25170b3f0faf	unclassified	0	0	0	0	2825	1
2f937fa3-9a9a-402f-bf8f-a9628747e842	unclassified	0	0	0	0	1131	1
4e3246ad-fa32-4297-bfad-5442155d1ac6	unclassified	0	0	0	0	2346	1
3f93441b-5295-4586-ab32-bce533c94ba9	unclassified	0	0	0	0	1068	1
a6f8d523-bd0f-453b-8473-dedf4d12ca5a	unclassified	0	0	0	0	1223	1
21144fb9-bcf8-437a-b825-d41ff483ff9a	unclassified	0	0	0	0	1280	1
bb90a9e7-8a34-4b86-86f8-e8fd294a673a	unclassified	0	0	0	0	1421	1
6e56c979-5687-4cc6-93a4-6ed8dd0fa3d1	family	26981	64	64	23	1253	2
6e56c979-5687-4cc6-93a4-6ed8dd0fa3d1	order	27008	64	64	23	1253	2
c5aa0a64-c5d6-4f45-8079-73971403722c	unclassified	0	0	0	0	1650	1
775dab6e-c9e1-4fd5-8502-5e48f1bd0da0	unclassified	0	0	0	0	1388	1
adf95eb7-833e-43a8-9cc4-426733091c6b	unclassified	0	0	0	0	1399	1
fbae2ec6-1bd9-411a-9c02-82c8bc13714a	JX001167.1.1498	25715	121	121	26	1548	3
fbae2ec6-1bd9-411a-9c02-82c8bc13714a	GQ135288.1.1417	25715	121	121	26	1548	3
fbae2ec6-1bd9-411a-9c02-82c8bc13714a	AB267714.1.1482	25025	121	121	26	1548	3
f5d66c1b-dc15-4912-8ac0-79a93845b075	unclassified	0	0	0	0	1439	1
6d0853a5-e3f4-4f80-8c85-05fa1c14f2cd	unclassified	0	0	0	0	1111	1
043c0a2c-eaa8-4432-b720-45c4f3ec17fe	unclassified	0	0	0	0	1375	1
b293de89-81f3-47e6-9485-52424785a469	unclassified	0	0	0	0	1528	1
21b0f4be-33fb-4e3f-a423-9e400118deb2	unclassified	0	0	0	0	1231	1
6cbe1775-9869-484d-a19f-414f8c467768	unclassified	0	0	0	0	1319	1
4839a98a-6abf-4abf-b125-6d1fcc0eb391	unclassified	0	0	0	0	1238	1
d2f82c9e-2be5-4b02-9a65-577115d78923	unclassified	0	0	0	0	1743	1
a0a1a6ba-87c9-425c-b5e8-1f0700f3d1f7	unclassified	0	0	0	0	1373	1
6eb1f493-cf72-4c15-9627-d60d2e85928d	unclassified	0	0	0	0	1100	1
3c63b4fd-d0d9-4eb6-90f8-30c36b520a87	unclassified	0	0	0	0	1184	1
86eb6cf8-cd39-4515-bce2-421fa9e47250	unclassified	0	0	0	0	1212	1
4022512f-1138-43bc-8abe-f17bebe9051e	unclassified	0	0	0	0	1428	1
574d9fa2-0307-4894-a78b-e673ea3a8494	unclassified	0	0	0	0	1634	1
1e3d54e8-f1e7-4c0f-b8e3-7be3be7c9fb2	unclassified	0	0	0	0	1425	1
4c95e66c-bd6c-4a4d-8b83-a69a7281f2d0	unclassified	0	0	0	0	1400	1
6a9e029f-0468-417e-a1d1-367e4db2b5d0	unclassified	0	0	0	0	1425	1
76d088d0-9716-4e28-90f0-19f4d073eff7	unclassified	0	0	0	0	2415	1
f8e23ce2-a1b9-4eaa-9413-6c405e41192d	unclassified	0	0	0	0	2328	1
bfba1807-57dc-4ae0-91f4-a57d3689d6a3	unclassified	0	0	0	0	1278	1
0f853a84-558a-4bcb-b675-9dffb4452e93	unclassified	0	0	0	0	1418	1
c3e94a73-1253-412c-ae2c-fc08acc78eb3	unclassified	0	0	0	0	1521	1
1a27ccfe-812c-4b48-9212-57f6885137cb	unclassified	0	0	0	0	1449	1
40880356-e9f6-419b-b271-b1004e8fcc8a	unclassified	0	0	0	0	4106	1
540cbd5f-3852-4457-bf34-11afbef7c3cb	unclassified	0	0	0	0	1317	1
1ddbcab0-fed9-421e-83f9-5639e7c15846	unclassified	0	0	0	0	1647	1
cb388812-2560-421c-a30f-fd2bf44460be	unclassified	0	0	0	0	1223	1
ad53b509-ef77-4632-ae40-5224e879be4a	unclassified	0	0	0	0	1463	1
d597df9c-5292-44ca-a054-7b94322b00d6	unclassified	0	0	0	0	1834	1
f35a4cbf-9ca2-4d51-9574-a514687c3e5d	unclassified	0	0	0	0	3670	1
401470cb-6bd6-46e9-b259-741d08168cd1	unclassified	0	0	0	0	1535	1
1344b4d0-b698-4c8b-95fa-8077269fdfdc	unclassified	0	0	0	0	1434	1
30a4d9fd-0b0e-4949-ae45-92b840049812	unclassified	0	0	0	0	1090	1
68b78665-7ff2-4e7d-8013-3fc93e60a3a6	unclassified	0	0	0	0	1459	1
e10e703d-5a00-4101-a36b-3fa79817e09e	unclassified	0	0	0	0	1411	1
93816b04-640d-4e33-a815-1c2c9db3b670	unclassified	0	0	0	0	2925	1
287e57c3-a1fc-4bfc-ad05-f51adf004e2b	unclassified	0	0	0	0	1386	1
1f522a40-b185-4456-aa89-27ef5b5f8943	unclassified	0	0	0	0	1182	1
6a66426f-b153-4dea-9bf3-3c8b360333dc	unclassified	0	0	0	0	1610	1
251cc1fd-d275-457b-b41a-bc4b7a87df86	unclassified	0	0	0	0	1119	1
abdce6ac-cfbf-4ea9-98e6-60f91157e77f	unclassified	0	0	0	0	1055	1
785a7655-698a-4931-bcca-a13014cc9121	unclassified	0	0	0	0	1113	1
31e8d29f-11c0-4fb1-9e1f-ee762d0e0444	unclassified	0	0	0	0	2138	1
cd2e9789-6c90-49d4-99a4-314f085f951e	unclassified	0	0	0	0	3164	1
11a57094-9fca-4d56-b67b-b22ce700cb9f	unclassified	0	0	0	0	1225	1
a602590b-1355-4581-a2d4-2f314b6bb954	unclassified	0	0	0	0	1243	1
533b6d9b-4ef9-4cc0-bc01-9cb4ac5b1fff	unclassified	0	0	0	0	1207	1
59c8f91f-9963-477d-8aaf-1317226ac736	unclassified	0	0	0	0	1051	1
43bd5bfc-18f9-4a02-90a6-b3164ea80c51	unclassified	0	0	0	0	1566	1
26350246-80f1-460e-a51f-ac44110e3b1f	unclassified	0	0	0	0	3174	1
ad840e1a-1a29-411c-8263-c6f8f4365d5b	unclassified	0	0	0	0	1457	1
b2550506-bec1-47e5-8e2b-37deba771c74	FPID01000467.1.1467	3504	100	0	25	1303	1
3363ef63-cf39-4d7a-b404-8b14564a821e	unclassified	0	0	0	0	1460	1
38836868-e455-4e42-87b5-77b0c92b5272	unclassified	0	0	0	0	1429	1
c8f45697-85b0-4a94-91d1-a2f25ed01a0b	unclassified	0	0	0	0	1698	1
6234fd4d-2a9a-4a59-ad72-315c9f5b85ee	unclassified	0	0	0	0	1446	1
8f9a9c1d-2695-4c99-a74d-0388171da26d	unclassified	0	0	0	0	1893	1
160bac68-50e3-4d2e-ab3b-7fa4435bde59	unclassified	0	0	0	0	2455	1
9b889b5b-5571-4dcd-b495-b5ccaabd870a	unclassified	0	0	0	0	1136	1
1918b645-483e-4af4-b719-a7bce7495b04	unclassified	0	0	0	0	1144	1
f9b0617e-7a25-45f1-907a-2592bffb42b4	genus	3504	121	121	26	3119	2
f9b0617e-7a25-45f1-907a-2592bffb42b4	KR190367.1.1352	0	121	121	26	3119	2
0238a660-dfa9-44c9-8a34-4aa4cacb578d	unclassified	0	0	0	0	2446	1
49b0ecae-ea2e-4065-8628-cd3c33f93d1a	unclassified	0	0	0	0	1016	1
5f6fbdb1-bdfe-485f-ab31-75c287bb7bc6	unclassified	0	0	0	0	2605	1
f6848790-865e-4b75-adb1-329acf8380f7	unclassified	0	0	0	0	1448	1
676b201b-22c5-4673-9678-fbe5895b35ea	unclassified	0	0	0	0	1000	1
bab0705b-f2f0-4ee9-b7e4-0ce204bdb5be	unclassified	0	0	0	0	1104	1
90f7ee42-310e-4a12-a9f5-733ffc549c74	unclassified	0	0	0	0	2525	1
cf5278e3-214f-4bfa-90df-13459f712d52	unclassified	0	0	0	0	1433	1
606f8eb1-1b94-4ba2-adec-8c7dedfc343d	unclassified	0	0	0	0	1390	1
21a1e336-2d45-475d-b192-130d229e1162	unclassified	0	0	0	0	1667	1
e45e1945-9ad4-4de4-b717-3bca5b7bc1ea	unclassified	0	0	0	0	1505	1
bf4e8770-a0f2-4091-93d6-b38da24838c7	unclassified	0	0	0	0	1003	1
cad9698c-97ab-494f-a173-accfc0745146	unclassified	0	0	0	0	1208	1
e9d3e64f-ff17-4716-bc25-079a4906f528	unclassified	0	0	0	0	1478	1
6f780f59-6fe8-4f90-9512-d830997e0467	unclassified	0	0	0	0	1557	1
c66d0216-7729-4388-9a7b-0fd0aac0daf0	unclassified	0	0	0	0	1441	1
c9b22229-b2b2-4a9e-97f8-c358ff8b073a	unclassified	0	0	0	0	1378	1
cc95fb9c-1d7d-4333-939f-3caf42c13f91	unclassified	0	0	0	0	4585	1
d781fcd5-0e0d-4dbf-b521-ee7db5f0467d	unclassified	0	0	0	0	1021	1
7f709926-19f3-4b5e-b797-4eb3d8e5b860	unclassified	0	0	0	0	1458	1
be7d04c0-9937-42dc-a810-065050b88387	unclassified	0	0	0	0	1418	1
cc8cd434-6aa3-4df4-8f46-9c3c3d66ff37	unclassified	0	0	0	0	1188	1
f15de430-1f7d-47e2-a5ce-a3df8da50557	unclassified	0	0	0	0	1072	1
c91e4f8d-2347-49e0-9e63-22552cb8c870	unclassified	0	0	0	0	1122	1
f026241a-18eb-4ecb-8e4c-7424be57e4ef	unclassified	0	0	0	0	1563	1
b0f5e536-1be3-4d8f-9f9d-7a2f6d54aef7	unclassified	0	0	0	0	1191	1
c78617a0-0e7e-446c-ba6a-b9febe9c3f71	unclassified	0	0	0	0	1565	1
cb090d87-4880-4e67-ba81-b76a97952a4b	unclassified	0	0	0	0	1472	1
18ad65a7-bfa8-414c-8143-f37fb324bc5c	unclassified	0	0	0	0	1343	1
f12f0312-05b9-4b35-a7aa-a080f0c6c4bc	family	841	144	144	27	1575	5
f12f0312-05b9-4b35-a7aa-a080f0c6c4bc	family	1869	144	144	27	1575	5
f12f0312-05b9-4b35-a7aa-a080f0c6c4bc	family	766	144	144	27	1575	5
f12f0312-05b9-4b35-a7aa-a080f0c6c4bc	order	810	144	144	27	1575	5
f12f0312-05b9-4b35-a7aa-a080f0c6c4bc	family	1866	144	144	27	1575	5
c79e7892-d532-495d-95d2-c1ef14b1e569	unclassified	0	0	0	0	1205	1
35ecb4bc-71a4-4e39-9584-e82bbf97373c	unclassified	0	0	0	0	1125	1
831af496-fe42-454b-bff4-2619302a1b63	unclassified	0	0	0	0	1762	1
c82c5de3-cb1c-4a07-a3ce-7a6c4c3e1479	unclassified	0	0	0	0	1559	1
0edae9bd-d99b-42bc-95a9-61236dd049a3	unclassified	0	0	0	0	1533	1
240dd6a1-c7b9-47ed-b588-f1764fe5b1f0	unclassified	0	0	0	0	3194	1
fd4fbea2-01db-42c3-9d2b-4e7d4143a0b1	unclassified	0	0	0	0	1090	1
b0dbf96e-75c9-4169-af2d-d40bf1252b30	unclassified	0	0	0	0	1065	1
fca9734a-63f2-47a9-87d7-2383237fe00d	unclassified	0	0	0	0	1587	1
4c61935d-d805-433d-854e-b9e3742976c3	unclassified	0	0	0	0	1147	1
54ea7e13-972e-4535-9c9b-b2d37d41c2fe	unclassified	0	0	0	0	1517	1
4eb6861a-b4c6-4c9d-ab79-7897d41597d0	unclassified	0	0	0	0	1459	1
9b5c627b-7ca2-4679-9e88-35c096862af7	unclassified	0	0	0	0	1385	1
ad7f0850-63fc-444d-887e-2aeb149faa9f	unclassified	0	0	0	0	1438	1
01fa095c-7e06-4702-be15-7d8c51ecd540	unclassified	0	0	0	0	1380	1
e54e5fd6-00e8-43bc-a3d8-4526bdf564ad	unclassified	0	0	0	0	1192	1
824e2c85-5d6e-4955-9350-1b601fe5be8f	unclassified	0	0	0	0	1261	1
194efdcb-e91f-4fdd-b064-74910bb917de	unclassified	0	0	0	0	1812	1
3126c6d2-48c4-44a2-8c2c-ec14e2fd682f	unclassified	0	0	0	0	1365	1
f980a8e1-0bfa-4781-a62e-22e1676cad64	unclassified	0	0	0	0	1521	1
f9ff6f72-54b9-4d19-bc61-715a8976d805	unclassified	0	0	0	0	2716	1
fe66c2c6-5b32-4cd0-8bf0-22ae399e9dbe	unclassified	0	0	0	0	1514	1
5610d3c9-fbb1-43f9-8bde-379bb96f4ad3	unclassified	0	0	0	0	2628	1
30ee8f00-a511-48cc-80bb-657ecdd9c463	unclassified	0	0	0	0	2690	1
f28d6dbd-35db-49e6-aa3f-773d613e8919	unclassified	0	0	0	0	1160	1
9e29f878-8ebb-4d9f-96cf-a13179519844	unclassified	0	0	0	0	1440	1
2f53b035-bdfa-40f9-8ebe-22caf3f4b3bf	unclassified	0	0	0	0	1960	1
a31433ce-6a70-4131-a7dd-cc3b954da37b	unclassified	0	0	0	0	1290	1
225a8d7e-c0c4-4d2e-ba94-57d4cc008c7b	unclassified	0	0	0	0	2732	1
5c95378c-7413-401e-8da3-8eb8bf4650e3	unclassified	0	0	0	0	1719	1
cdf8bdd3-5bef-4c73-9201-fac5d98cb37a	unclassified	0	0	0	0	1023	1
67207616-816d-4de0-a819-c216d9a6fc57	unclassified	0	0	0	0	1337	1
4bccff7c-32c0-43a1-b8f3-7d13e36ee92b	unclassified	0	0	0	0	1267	1
342baedd-65a1-4d82-9bd9-5ce5774b7b6c	unclassified	0	0	0	0	2181	1
1e7867e7-816a-4e90-b6c3-0edbfe177b82	unclassified	0	0	0	0	1485	1
1fb29cc7-ca24-4322-bb5a-38ebfb593120	unclassified	0	0	0	0	1712	1
6b0caeb2-9a19-43ca-92f2-5d12a35ff74b	unclassified	0	0	0	0	5243	1
1e60631d-9693-4a15-9fc6-10a32d922b85	unclassified	0	0	0	0	2860	1
4822aa3e-f54b-4f2c-a4fd-0c457266a861	unclassified	0	0	0	0	1927	1
098a58c0-5c08-4e11-8353-ea79f6cf6b3f	unclassified	0	0	0	0	1437	1
22b6e5eb-4e7a-4ab9-b604-2658ccf40d7e	unclassified	0	0	0	0	1346	1
81bb8af3-0755-4422-b68b-49cd6f709763	unclassified	0	0	0	0	1137	1
63cd28ac-657b-4156-95a1-9e48f11281cf	unclassified	0	0	0	0	2500	1
2834bfce-3020-471b-bc8a-c5221c6662f5	unclassified	0	0	0	0	1468	1
1a19b154-1fdb-4992-b96f-fa38ff6d752c	unclassified	0	0	0	0	1411	1
316e7b38-3478-4dc4-a4aa-22c65adc52d6	unclassified	0	0	0	0	1488	1
30f5e9b8-b113-4efb-87d7-dc2a257c6c5f	unclassified	0	0	0	0	1475	1
17ffb15c-5a4e-4811-b8a0-b13ea4c7645a	unclassified	0	0	0	0	1409	1
29f5cb80-99be-493d-b87f-a3b82fa87e9b	unclassified	0	0	0	0	1300	1
fc18df07-8e8d-4c51-8e94-f3affcc7eaf2	unclassified	0	0	0	0	1436	1
a5ac38e7-0334-471a-9ca6-2181ddb0b1e8	unclassified	0	0	0	0	1444	1
4a0af53e-726e-4a34-bf0e-9bd4a2f7ba1e	unclassified	0	0	0	0	1390	1
18f09a02-142b-4827-a5a2-bf58961945d5	unclassified	0	0	0	0	1021	1
76f61710-934e-45ce-bb52-b07b875dd8ea	unclassified	0	0	0	0	1930	1
49f21290-a10a-4422-a616-ac1ebc836070	unclassified	0	0	0	0	1227	1
4d571fc0-b9bd-4c4c-981d-2bec570b4a3f	unclassified	0	0	0	0	3281	1
c9d3754f-8944-4aa7-b731-ebe6237c2031	unclassified	0	0	0	0	7108	1
7368d52d-cefd-4e6f-89d6-a4ba9f190d8e	unclassified	0	0	0	0	1228	1
e51a31af-e100-4add-ad2c-bbe2afbf4963	unclassified	0	0	0	0	1227	1
f5797ad6-8569-48ea-9c05-007ca3c00038	unclassified	0	0	0	0	1910	1
6cda246a-d76c-4174-a33c-ee3bc5f761bc	unclassified	0	0	0	0	1358	1
d53eda8c-780f-468b-bef9-d8f6f241ed40	unclassified	0	0	0	0	1871	1
f8edc617-b64b-46e8-8495-5965b835f79b	unclassified	0	0	0	0	1181	1
01d9b5d8-25be-4736-83e1-62f8ccd6ac1e	unclassified	0	0	0	0	2135	1
5efa3e6e-62b1-48df-bdd7-9816759939a8	unclassified	0	0	0	0	1412	1
f4ead1f3-b0df-4b52-9055-6ff4c91db9b6	unclassified	0	0	0	0	1115	1
1e88350f-79f9-4c62-aa75-648a21647136	unclassified	0	0	0	0	1537	1
8b0551f3-51fc-475c-bdb1-1e418fd7eb0d	unclassified	0	0	0	0	1468	1
ce7bb61a-936e-495b-94cc-fa85c6954390	unclassified	0	0	0	0	1597	1
7cd77635-d115-455f-aa6d-e0e43da69a7f	D14021.1.1272	25032	81	81	24	1449	5
7cd77635-d115-455f-aa6d-e0e43da69a7f	D14020.1.1264	25032	81	81	24	1449	5
7cd77635-d115-455f-aa6d-e0e43da69a7f	KT308786.1.1474	25027	81	81	24	1449	5
7cd77635-d115-455f-aa6d-e0e43da69a7f	KT308466.1.1430	25027	81	81	24	1449	5
7cd77635-d115-455f-aa6d-e0e43da69a7f	KT308346.1.1474	25027	81	81	24	1449	5
dd174d74-e595-4007-b889-03884f4203e7	unclassified	0	0	0	0	1492	1
b45ea4b3-0f00-4d8d-a610-e2d5400bda1b	unclassified	0	0	0	0	1822	1
be2bba79-3c13-4ec7-b476-3562f5fc47dc	unclassified	0	0	0	0	1526	1
ca79f09a-0b4a-43bd-84d8-916d503966f4	unclassified	0	0	0	0	6769	1
1fcf5e61-e4b9-428b-810b-42b45d326c94	unclassified	0	0	0	0	2364	1
d0ab68ce-1f31-42fe-a15e-da18beb8c327	unclassified	0	0	0	0	2816	1
2f0e5de0-1642-4b63-92e2-720b8af38009	unclassified	0	0	0	0	1995	1
ed923f0c-e1b5-4028-b7c5-81dc3d627c3d	unclassified	0	0	0	0	1508	1
8c7f8add-e687-4f64-ac54-5a3ec15f23b2	unclassified	0	0	0	0	1490	1
cc65edda-54a8-4420-bd3c-03e093a49745	unclassified	0	0	0	0	1090	1
e42924bc-ef6c-41ea-828f-9240413b2d4d	unclassified	0	0	0	0	1070	1
59c1e385-3c19-4de6-bda0-1e0632b5bf0f	unclassified	0	0	0	0	1509	1
a2503324-e51b-496a-adb3-4417e939d097	unclassified	0	0	0	0	2170	1
3cc069ce-db12-4a6a-809f-605095561a31	unclassified	0	0	0	0	2053	1
76c0eeab-f9c6-4bb2-9772-3b31471f227b	unclassified	0	0	0	0	1724	1
350bf3d9-ba71-4679-b024-2827ab810a1b	unclassified	0	0	0	0	1402	1
54a9991f-1c01-4f41-9378-e9eaf64c9bbb	unclassified	0	0	0	0	1556	1
3b7dbda5-73fd-483b-911a-d0deb563972f	unclassified	0	0	0	0	1319	1
e92090c5-7a37-4c3b-a41b-b06b938d59d2	unclassified	0	0	0	0	1185	1
0f5bfa6c-2845-43ff-b20b-13be0449973c	unclassified	0	0	0	0	1423	1
7bd91415-56e2-473a-8198-3682766bd998	unclassified	0	0	0	0	1379	1
a9d7d3cb-a10f-413d-93c3-b20de8cc694c	unclassified	0	0	0	0	1509	1
129ce108-8ce4-47fd-9bdd-236185a46782	unclassified	0	0	0	0	1564	1
a0e5293e-3997-4d43-be7e-a30270253f1b	unclassified	0	0	0	0	1806	1
cb47db28-ee68-4653-b389-73ca4266323b	unclassified	0	0	0	0	1475	1
529d7013-7202-4f17-8aa8-e50209ee802f	unclassified	0	0	0	0	1407	1
f2dc8191-7378-40f9-8111-97d18e0ec3d7	unclassified	0	0	0	0	1583	1
4786f0fd-5ce6-437f-b4da-112ca5c80a5f	unclassified	0	0	0	0	1859	1
e63930fd-931d-48d0-999e-d2e5a12797d7	unclassified	0	0	0	0	4572	1
c68cff2d-1e2a-4f8d-9a17-cbaf35c1654f	unclassified	0	0	0	0	1344	1
0b63c99b-cae9-420e-85b8-92ca0d6c2b40	unclassified	0	0	0	0	7326	1
399b69c7-8786-4755-ac1e-1168aff13091	unclassified	0	0	0	0	1393	1
520f4422-b666-4739-a601-63050c251ff2	unclassified	0	0	0	0	1950	1
5bf7e5f9-d121-4f18-96c2-51dcdda9f0f1	unclassified	0	0	0	0	1262	1
98fc79a8-2081-4d33-8561-4e144f59a5db	unclassified	0	0	0	0	1454	1
d9023d17-d0c7-4284-9ea8-dd844506bd23	unclassified	0	0	0	0	1462	1
a7f08a11-3fec-4ba2-aa3e-a65e867238c9	unclassified	0	0	0	0	1458	1
38c66ed8-208b-4b07-920a-17d216ebb6ef	unclassified	0	0	0	0	1081	1
d506d81a-d2a8-464c-8178-bbf5edd3a863	unclassified	0	0	0	0	1561	1
b727bee4-500a-4456-ba39-cdd24bc96d41	GBHC01003614.162.1961	13141	361	361	34	1025	3
b727bee4-500a-4456-ba39-cdd24bc96d41	FJ705898.1.3496	28795	361	361	34	1025	3
b727bee4-500a-4456-ba39-cdd24bc96d41	GBHE01000284.4.1802	13141	361	361	34	1025	3
a0d6e5c3-ba45-4351-8d37-41303e884c6a	unclassified	0	0	0	0	3541	1
717424ee-4782-4dbf-b7a6-7cbf6f7a0b4e	superkingdom	3	64	0	23	1433	1
b9d8dd0b-5f99-43d4-9da4-17cb957364e6	unclassified	0	0	0	0	1428	1
28703c7e-0afb-4ba2-97fc-97bbd384341f	unclassified	0	0	0	0	1434	1
ca09cd97-f8da-44a1-8b25-3637ac2dec08	unclassified	0	0	0	0	1326	1
7b662e41-fc41-49bc-bce2-cb0db29f7ef2	unclassified	0	0	0	0	1422	1
8ce838d3-0e48-465d-a0ea-372cf31c2fb3	unclassified	0	0	0	0	1446	1
0dab9725-f609-4503-b0c2-30999ab9466b	genus	1747	81	81	24	1415	5
0dab9725-f609-4503-b0c2-30999ab9466b	genus	11363	81	81	24	1415	5
0dab9725-f609-4503-b0c2-30999ab9466b	KM438073.1.1488	0	81	81	24	1415	5
0dab9725-f609-4503-b0c2-30999ab9466b	genus	1688	81	81	24	1415	5
0dab9725-f609-4503-b0c2-30999ab9466b	genus	1831	81	81	24	1415	5
