readID	seqID	taxID	score	2ndBestScore	hitLength	queryLength	numMatches
9d292030-8a42-4e27-98e5-c0eb313faaf1	unclassified	0	0	0	0	1306	1
e0f2bd34-e22b-471f-8300-69bdf1323af5	unclassified	0	0	0	0	1279	1
1c8a9a19-9996-4dc7-a13f-ebb1fc3cdb45	unclassified	0	0	0	0	2486	1
704d716c-2a51-4cb9-aad8-3cbf2500ef82	unclassified	0	0	0	0	1447	1
cc87e9d8-2323-44f6-9a56-23f613c7ffe6	unclassified	0	0	0	0	1460	1
5c50f787-72b1-41cd-91bd-c1bb51cb6d7f	unclassified	0	0	0	0	1490	1
187fad7e-4f2d-4220-bbd4-1e338deba8da	unclassified	0	0	0	0	2616	1
f92c89d0-baba-4abe-ad11-51434e76700f	unclassified	0	0	0	0	1898	1
575b8435-0201-454b-ad83-b18289978fed	unclassified	0	0	0	0	1328	1
642d8e99-43b1-4a6e-ae11-b4799f771eb2	unclassified	0	0	0	0	1467	1
de8cc882-7485-44b6-a0ce-829b24a3456f	unclassified	0	0	0	0	1247	1
32b5f5fc-5306-4649-9a5c-8744d1e22771	unclassified	0	0	0	0	1831	1
d8f02dcb-feed-4a6a-8824-6bb1a86764b5	unclassified	0	0	0	0	2009	1
fb4b3b35-d8c5-46a8-8576-631a0c78b62b	unclassified	0	0	0	0	1338	1
9146c152-960f-4a78-8a92-86a14904821b	unclassified	0	0	0	0	3663	1
aca5084d-082b-4b39-9842-9045cb8ee725	unclassified	0	0	0	0	2859	1
2e824cb5-35a3-4068-967c-1b06e3ce4003	unclassified	0	0	0	0	1426	1
856bb51d-13d0-4b49-9b6f-193c602e608a	unclassified	0	0	0	0	1449	1
f08d6f37-9445-446b-a086-922628ff30b3	unclassified	0	0	0	0	1460	1
f0674c76-9773-4825-9a70-4e53eda0a5ba	unclassified	0	0	0	0	2368	1
09746c84-f69b-4cb2-befe-369b4d5622e1	unclassified	0	0	0	0	1159	1
5ba3d0fd-c56e-4b9b-ba8f-05dc6d382503	unclassified	0	0	0	0	2198	1
51310ba4-68b3-4e96-92f0-18cb90a37320	unclassified	0	0	0	0	2292	1
3a75abff-906f-426e-9fe5-10b12bb49199	unclassified	0	0	0	0	6349	1
83afb526-c124-4713-97a6-7f68e1613706	unclassified	0	0	0	0	3624	1
81c621ab-dfe5-4d1e-a403-130cbb83d40c	unclassified	0	0	0	0	1200	1
2a6c1cc1-9e45-40a1-9c3f-891297873ae3	unclassified	0	0	0	0	1458	1
90139d74-b4dc-4b87-9e7c-7e0a719ca088	unclassified	0	0	0	0	1858	1
52464ac3-f831-44ab-91d4-8cdd5447b6d4	unclassified	0	0	0	0	6119	1
211e79dc-eb1c-4fb5-bd66-609fa7a4d43e	unclassified	0	0	0	0	1525	1
02e36ed3-53b6-4333-9d42-d5ed39d78630	unclassified	0	0	0	0	1161	1
9bec4ee4-dc55-4413-93e4-bc077c6df3c3	unclassified	0	0	0	0	1711	1
9be58bc9-1488-419b-9286-e8a4f5d66cd9	unclassified	0	0	0	0	1600	1
a78eb8af-2825-41ac-ba79-f9a25a06b134	unclassified	0	0	0	0	1049	1
e4458f7b-3f08-434f-b8b3-81cc6cbac97a	unclassified	0	0	0	0	1623	1
25252058-e5f1-4840-8d8b-61db9afdc395	unclassified	0	0	0	0	1432	1
884eeae0-c573-4dc9-99f3-68f84b6b30a3	unclassified	0	0	0	0	1260	1
41d4c6b4-b595-41d6-b629-8f9aad02fb73	unclassified	0	0	0	0	1183	1
fbae919d-42cc-4f1c-a5ea-12aa3babe171	unclassified	0	0	0	0	1454	1
8ef2ae7f-67e0-409c-b02f-90e29dbba03e	unclassified	0	0	0	0	1188	1
907be72b-426e-49fa-bb42-dd875422e6ee	unclassified	0	0	0	0	1429	1
c6e99d4b-0e6d-4084-95d3-9b18e04184cd	unclassified	0	0	0	0	2969	1
500aac7a-9282-49b8-84aa-2263ed64136c	unclassified	0	0	0	0	1440	1
fabe93b0-e8b2-4124-8bb3-a2a39839b9dd	unclassified	0	0	0	0	1467	1
10e0430e-dd82-4b69-bf8d-5fb6b3bb5a8a	unclassified	0	0	0	0	1435	1
49dd0d49-6094-4d8a-bc10-451b07f5a7d7	unclassified	0	0	0	0	1448	1
eeccba56-c939-4d55-9f85-eed04fdfea34	unclassified	0	0	0	0	1420	1
ee17973d-cfdf-4aee-bba3-3a281d81237b	unclassified	0	0	0	0	1414	1
fc7fdf5a-e053-4a12-b630-94a7d91ef3fd	FPLP01009004.11.1473	0	64	64	23	1455	2
fc7fdf5a-e053-4a12-b630-94a7d91ef3fd	genus	25053	64	64	23	1455	2
d24076e2-9a07-4f2f-8f48-a3a352741861	unclassified	0	0	0	0	1311	1
72edca15-7ca4-48ce-9ea8-5bbf430bdee2	unclassified	0	0	0	0	1655	1
121a4ca1-c76d-4800-be4f-11314f5e770f	unclassified	0	0	0	0	2650	1
1a2fe7ad-a0ff-49b6-ace5-0f9b46d200ae	unclassified	0	0	0	0	1396	1
1add6e51-0f01-448f-98fb-f307c06ab5c4	unclassified	0	0	0	0	1415	1
079f43d5-fe59-4ec6-839d-7633ccfec6d9	unclassified	0	0	0	0	2654	1
4c8bcc42-b558-4918-a479-8b89f2f63354	unclassified	0	0	0	0	1465	1
25904c3c-1613-4541-a6d4-971372de4598	unclassified	0	0	0	0	1207	1
e0ff6d64-db73-4dfb-b650-dca71291be80	unclassified	0	0	0	0	1470	1
b810ca68-2a16-45c0-9389-d540b0b4bf7d	unclassified	0	0	0	0	2490	1
2cd6c37b-7e90-44eb-9f58-64c02487e0cc	unclassified	0	0	0	0	2100	1
54cf6324-d9e6-4877-8309-a7b076c34d7a	unclassified	0	0	0	0	1490	1
97829f22-2c31-4d39-b37c-950a8ecb5dfe	unclassified	0	0	0	0	1404	1
42dae4a0-3681-4568-a6cf-022dd90501e2	unclassified	0	0	0	0	1090	1
6c6bcdbd-8639-4cc9-898e-e57cb1c8230f	unclassified	0	0	0	0	1300	1
1eb96e0c-9d26-4202-9bb2-146520a70b02	unclassified	0	0	0	0	1176	1
6ee398e8-c038-4a74-918b-c872fe9841e1	unclassified	0	0	0	0	1007	1
3365945b-1c58-4263-b3d9-5e5274e6ed8d	unclassified	0	0	0	0	1970	1
748482d8-4dd7-419b-be56-4fc19f18b6f9	unclassified	0	0	0	0	1437	1
89809350-0ea5-4a56-84d8-0b8248c7c2d0	unclassified	0	0	0	0	1443	1
f34b761e-2c9c-4fa6-957c-2d2627063fc7	unclassified	0	0	0	0	1175	1
1161b326-d929-41e0-837e-6e50c3709470	unclassified	0	0	0	0	2085	1
19b8749e-4a8d-42ed-ba0b-7372d3df6280	unclassified	0	0	0	0	2399	1
77167e97-cc14-4323-890d-7be781cc812d	unclassified	0	0	0	0	2287	1
239a5fcb-f84a-48b1-97fd-d77c2131f6c6	unclassified	0	0	0	0	1557	1
3c87a80b-527f-4b88-9b44-a8f03803d4d9	unclassified	0	0	0	0	6683	1
184a0871-4f22-4213-b6ff-b56536eec9d0	unclassified	0	0	0	0	1637	1
0bfaa9f7-86f6-4efb-a345-d465796a219d	unclassified	0	0	0	0	1580	1
abd3da8a-656b-471a-8812-9c31c9310a37	unclassified	0	0	0	0	1459	1
85d31c70-dc3d-4b93-8c02-0d979a8371e3	unclassified	0	0	0	0	1440	1
7fb11e88-8b49-4976-bbff-b49aafe252a1	unclassified	0	0	0	0	1417	1
6bd87021-7ccd-431e-bb68-c615e7c9bcc0	unclassified	0	0	0	0	1094	1
18ef09ab-d41d-481e-9855-6622370c9e44	unclassified	0	0	0	0	1399	1
fad96bdd-4e4f-4df1-a8cb-77c69d11a01d	unclassified	0	0	0	0	1862	1
ad3386b8-3472-43aa-afd6-5e87ca92de08	unclassified	0	0	0	0	2809	1
ac9c7398-8875-4d72-9b60-f7a0ad87d92b	unclassified	0	0	0	0	1156	1
229633fc-fb1f-4d57-bef4-ed593a54c403	unclassified	0	0	0	0	1319	1
2e55ad5d-c84c-4d30-a26f-54e6432ec401	unclassified	0	0	0	0	2724	1
0a15a809-4c75-470a-a924-080b8df246f9	unclassified	0	0	0	0	1484	1
073bfdff-ad31-458f-a2a7-6cce50fa4cf5	unclassified	0	0	0	0	1459	1
9abd49e8-5c9d-4cae-be54-2bd6dd5c9d52	unclassified	0	0	0	0	1186	1
4bf6d323-0ccc-44cf-a175-30749a4a74bb	unclassified	0	0	0	0	1405	1
fd3ffbd1-6771-4d99-8649-38a5a645420a	unclassified	0	0	0	0	1835	1
7b361d4a-3372-4ac2-810d-d1fb7600c82d	unclassified	0	0	0	0	1516	1
32bc8b3f-d3f9-4e68-8764-965ff4df04ce	unclassified	0	0	0	0	1501	1
53be0bf3-fb74-4ba5-9371-cb0250b9855b	unclassified	0	0	0	0	1346	1
ef6260e2-3407-4b91-8517-257bc4e39dcb	unclassified	0	0	0	0	1153	1
090e33a4-21c7-4131-a6e6-9f4b565767ea	unclassified	0	0	0	0	1116	1
60ded901-884e-4f7e-811c-1d1ac64e13fd	unclassified	0	0	0	0	1533	1
72b63661-10da-4ff6-9984-3a298691439c	unclassified	0	0	0	0	2696	1
62877bf0-a071-49ff-998a-976c969e859d	unclassified	0	0	0	0	1283	1
0964d812-d46c-40cf-b8d1-bdf7c9515c08	unclassified	0	0	0	0	1482	1
2df401da-dc85-4224-80a1-a862bb5e6d03	unclassified	0	0	0	0	1876	1
786e86e2-7877-4379-a4a2-2aa06e0d625b	unclassified	0	0	0	0	1546	1
7aaa76ff-c7b3-4541-980f-d2c943a11825	FR839341.1.1551	3502	121	121	26	1457	2
7aaa76ff-c7b3-4541-980f-d2c943a11825	AVPW01000001.2.1417	3783	121	121	26	1457	2
fbb74768-a329-4b5c-8b6c-6a3c49bb54c8	unclassified	0	0	0	0	1963	1
86369024-f2f9-4512-b810-6b9e4f154d20	unclassified	0	0	0	0	1536	1
43d54cfc-40e4-4b21-b470-f99b7d469676	unclassified	0	0	0	0	1399	1
fbd623f0-a4e0-4a57-8326-e1207e4d7f19	unclassified	0	0	0	0	5791	1
321921d7-d8c1-4c67-a924-5c6ab0c6256f	unclassified	0	0	0	0	1096	1
d7751511-78b7-49f8-84dd-27025094a8d6	unclassified	0	0	0	0	1237	1
4bd47bfc-19f9-4eab-8c1a-474d01ee0293	unclassified	0	0	0	0	1560	1
9cbff55b-cd3e-4e6a-983a-289e23d5753d	unclassified	0	0	0	0	1359	1
5cf6f972-0d99-42aa-91ad-afe73b7e797e	unclassified	0	0	0	0	1571	1
90b9f6fd-8205-4890-988e-a3d15a7a1706	unclassified	0	0	0	0	1446	1
0906ff50-4fa4-4727-b0da-01f4c909c5e7	unclassified	0	0	0	0	1160	1
c08046c1-cdfd-463d-8e68-addfa3cadb2c	unclassified	0	0	0	0	1198	1
1e33e512-1b78-44b9-bbf2-8a867febf519	unclassified	0	0	0	0	1403	1
c4208346-5fac-446b-bc0f-7cb41dc609a4	unclassified	0	0	0	0	2559	1
8df5eb33-7b9a-4371-8a54-33b1bae46cff	unclassified	0	0	0	0	1372	1
e5c72771-a5b4-4a35-a4f9-5876fa4a2d5f	unclassified	0	0	0	0	3694	1
5f0bece5-0776-4199-8212-9637d9f0aefd	unclassified	0	0	0	0	1532	1
8fcfe725-447c-4fa7-b29e-52d9c3846471	unclassified	0	0	0	0	1598	1
90e1913d-4cf9-40fd-aec5-fd4d986e4406	unclassified	0	0	0	0	1468	1
947ce34f-d7ca-4690-bb01-e6b07b4a88f9	unclassified	0	0	0	0	1482	1
43455ce4-72db-4e41-a5e8-39bf3e088778	unclassified	0	0	0	0	1218	1
b1f4ae16-623e-4864-8b9f-951660ed63d1	unclassified	0	0	0	0	1190	1
56d12a71-b024-4dde-8718-09c29f5c31ad	unclassified	0	0	0	0	1277	1
a617a2b4-b6f8-4738-8abc-dfd936e0d80b	unclassified	0	0	0	0	1083	1
741d68a2-9874-44f1-9639-d503cd8d4656	unclassified	0	0	0	0	1954	1
25391043-3370-4291-b691-7dba8b338901	unclassified	0	0	0	0	1476	1
1fc10b10-15a3-4d58-abc7-74b6e8ac0ff0	unclassified	0	0	0	0	1058	1
3ed5de94-de06-455a-b77e-e8aaa85c7d1b	unclassified	0	0	0	0	1473	1
d2cd6819-c34e-460d-b5c2-6e100c631eae	unclassified	0	0	0	0	1534	1
8e339729-b0d7-4bbc-98a0-bdfb3fb1c71b	unclassified	0	0	0	0	1844	1
da3d916d-854b-4f45-8208-9f128f723914	unclassified	0	0	0	0	2508	1
f8db4df7-3be3-42fa-81b6-2c314b2138f3	unclassified	0	0	0	0	1481	1
6e14de1f-a19e-49a5-8c0d-7f6aea444e55	unclassified	0	0	0	0	1347	1
57842e96-548c-4c30-806b-d7bffb6737f1	unclassified	0	0	0	0	1464	1
f29a1f3d-54c1-4e21-818b-664cb79ac05a	unclassified	0	0	0	0	1438	1
d14ffbb9-2d23-4819-a5b1-e92aa69a0208	unclassified	0	0	0	0	1523	1
4687bbfd-43e3-4c12-942e-32eac14b1ddb	unclassified	0	0	0	0	1517	1
708082cf-3e85-4912-8c29-5a1e3a8d74ed	unclassified	0	0	0	0	1336	1
861bf3f6-1a1e-4099-a0c6-b11bb6c38b5a	unclassified	0	0	0	0	1559	1
4da9ea42-c1cb-4dee-bf42-f4c0a45b4bea	unclassified	0	0	0	0	2901	1
e03f7d75-e68d-4c38-b3f1-70403dd0093f	unclassified	0	0	0	0	2412	1
02f41cd2-dc89-4980-a32a-7c3c5286085d	unclassified	0	0	0	0	1412	1
c5a07ec2-1cf1-4ebe-a5f4-8022fa156ac1	unclassified	0	0	0	0	1516	1
f73ab330-459c-49a7-8f20-30f4acf0af96	unclassified	0	0	0	0	3060	1
51097bcc-e992-4290-a3f2-493e72853204	unclassified	0	0	0	0	1403	1
3c3cddab-497d-4049-a1b2-ae766cabe45b	unclassified	0	0	0	0	1050	1
45b42164-b795-4330-87d0-584a4961502e	unclassified	0	0	0	0	1549	1
e0652a64-289b-4013-bc33-8f2090197881	unclassified	0	0	0	0	1162	1
9b6b46f1-cfee-48c5-a148-df1e781083bb	unclassified	0	0	0	0	1224	1
2374d7ed-bf03-4ff9-9d47-754ee5e3cb02	unclassified	0	0	0	0	2601	1
9feb8c95-3240-4a32-8a34-e82858c54bb3	unclassified	0	0	0	0	1387	1
1b86c7fb-4073-4085-80d3-57baacdfc86d	unclassified	0	0	0	0	1607	1
a84b2672-c497-449c-88a1-91471966f8f3	unclassified	0	0	0	0	1306	1
58e92f92-c486-45e7-8bc4-88dfc4801572	unclassified	0	0	0	0	1477	1
3588f36a-4a19-46c5-9dc5-a085e758975b	unclassified	0	0	0	0	1351	1
e1a3ae5e-d553-4c42-947f-f9fa54a8c52c	unclassified	0	0	0	0	1841	1
90ebbf06-1aec-470d-978b-036b90f37607	unclassified	0	0	0	0	1404	1
4b15945d-9b8f-410a-8807-af608ac621ed	unclassified	0	0	0	0	1145	1
8da3e8ef-b175-495c-bda9-82bdb051e7ae	unclassified	0	0	0	0	3037	1
261dff87-1782-499d-8ea1-127cbbd8ca2d	Z14096.1.1498	3514	81	0	24	1542	1
36e5c85c-e3f0-4681-8ecd-ba4726bce1f6	unclassified	0	0	0	0	1842	1
dbe4e4f4-fe17-4c22-9f21-5aabe7edcef5	unclassified	0	0	0	0	1421	1
0ee3098a-154d-448f-982b-6870b5c0d46b	unclassified	0	0	0	0	2673	1
17da129c-3397-4d06-83c6-616f884d5f80	unclassified	0	0	0	0	1420	1
a7536e84-dcf4-4aa2-867a-7e50a39b636d	unclassified	0	0	0	0	1789	1
5aa45acd-e6aa-42db-bc20-79684af73376	unclassified	0	0	0	0	1080	1
ce7c7328-c751-4d14-a52f-15b62fc0204c	unclassified	0	0	0	0	1445	1
e5fcb2be-444b-4450-9e32-7233f139c159	unclassified	0	0	0	0	2400	1
393fde84-fbb7-4f19-956e-46e36c0fd1f5	JX883633.1.1468	26724	81	0	24	1571	1
c8071d60-e4fe-45e5-8da8-5f1d9df29bab	unclassified	0	0	0	0	1403	1
6548fabf-b4fa-4bbd-89d7-366afed0004b	unclassified	0	0	0	0	1533	1
ca462c9d-28c7-47df-8d9e-8e44c4bc5ac1	unclassified	0	0	0	0	1418	1
91355a30-e14e-4f02-98c9-cd3c234849d8	unclassified	0	0	0	0	1494	1
06c25c65-bd23-4fb5-a7e7-ac78eee415c7	unclassified	0	0	0	0	1153	1
b54cf7dc-5b77-41e0-9d03-157d058ab0e8	unclassified	0	0	0	0	1520	1
938b1a67-d312-47c6-a053-6d8a5c24bdcf	unclassified	0	0	0	0	1251	1
9e5a7cfd-953a-4ca0-8b80-754ace4030d3	unclassified	0	0	0	0	1556	1
57eff4b4-fc6f-4a16-840a-fafb2d54c603	unclassified	0	0	0	0	1115	1
a01a318e-ace1-49f2-abc3-639df4c5c53a	unclassified	0	0	0	0	2443	1
8d7d821a-03ae-437b-b22f-d2a944505e90	unclassified	0	0	0	0	1472	1
7b0a3e0d-e02a-4732-befc-a5fcecb5a2a2	unclassified	0	0	0	0	1528	1
0d786462-af24-404f-b5b8-03b7445299da	unclassified	0	0	0	0	1461	1
b114cfe8-b607-4f79-849b-b94514153cc0	unclassified	0	0	0	0	2709	1
1db3de24-bf3a-4aaa-ab41-be530efd3eb1	unclassified	0	0	0	0	1128	1
7e012bf3-fdef-44c9-b8f0-c04645d22eb8	unclassified	0	0	0	0	1496	1
86fd4dd0-f363-4167-a7c3-540dda82e9d4	unclassified	0	0	0	0	1422	1
5ee5b0ce-a434-4625-bf6f-916ba2b0346f	unclassified	0	0	0	0	1521	1
0aed9361-2c9d-46bd-bfcf-b93a3b0ac99f	unclassified	0	0	0	0	1453	1
0944ef89-e323-466c-9f01-6f753b648374	unclassified	0	0	0	0	1136	1
ebda0289-d43e-41f2-86e6-5adbc3a86cb5	KJ465955.1.1446	25141	64	64	23	1383	3
ebda0289-d43e-41f2-86e6-5adbc3a86cb5	KJ465959.1.1356	25141	64	64	23	1383	3
ebda0289-d43e-41f2-86e6-5adbc3a86cb5	FM164953.1.1339	25141	64	64	23	1383	3
833c6564-d3b9-4b49-8e48-c68a4a5ede77	unclassified	0	0	0	0	3161	1
0bbec265-2273-48aa-915c-375ff72c12da	unclassified	0	0	0	0	1376	1
f8951508-ee4e-4113-8235-4068a06b27ee	unclassified	0	0	0	0	1371	1
9a63cabb-4b98-467e-baef-d0f2c22f765f	unclassified	0	0	0	0	1085	1
13631e32-4023-49d0-9595-f49b066981af	unclassified	0	0	0	0	4088	1
0ee7bb70-8431-4878-b371-19cb2f342771	unclassified	0	0	0	0	1555	1
69149453-88c1-4b29-ba35-7d4959501f42	unclassified	0	0	0	0	3121	1
0adabada-719d-46f6-a4f2-797c4e33db32	unclassified	0	0	0	0	1433	1
5d1dfa82-83d1-49b5-9ff4-7ffc55af30f9	unclassified	0	0	0	0	1218	1
e9185e92-eb61-4667-b1b1-9db8ccc16741	unclassified	0	0	0	0	1481	1
363d48d8-5f7c-4bb5-87ea-b0ebc5855e0b	unclassified	0	0	0	0	1453	1
82ad361a-c911-4254-93f9-2c982060d402	unclassified	0	0	0	0	1465	1
a8da4174-e6e9-4e8d-a76e-af92c39898c1	unclassified	0	0	0	0	1445	1
8ee885d0-db03-454a-b09c-99884ab06787	unclassified	0	0	0	0	1450	1
5118cd1b-e1e8-4b3e-b7e2-26fc51c8d417	unclassified	0	0	0	0	1084	1
ff29d167-65a7-4242-a517-cff7e6654100	unclassified	0	0	0	0	1120	1
d54613cc-be2c-4949-834d-3b4feb419fad	unclassified	0	0	0	0	1489	1
d8e5b459-aa41-4e6a-9686-b4399d526ca2	unclassified	0	0	0	0	1550	1
5913c167-97e0-482b-b349-b398661c61d5	unclassified	0	0	0	0	1601	1
192b9733-373e-4fe3-b18b-8d38205dc14e	unclassified	0	0	0	0	1688	1
51c79153-ce44-46d1-b1f7-c5d9f5de3259	unclassified	0	0	0	0	1283	1
3351ae4b-23ef-408f-aeca-77401a841cb6	unclassified	0	0	0	0	1608	1
5ebebbb0-392e-480e-923b-804b5de023c5	unclassified	0	0	0	0	1375	1
368fd2fa-882c-42ba-8e84-069f9685ea57	unclassified	0	0	0	0	1074	1
ba69ec1e-c1ae-4146-808a-3e97120802bd	unclassified	0	0	0	0	1431	1
fca9a1d3-66da-4444-9f87-5bcdf62ab98e	unclassified	0	0	0	0	1621	1
2372bb08-420d-4a81-b565-e4ee660caebe	order	24483	81	81	24	1453	5
2372bb08-420d-4a81-b565-e4ee660caebe	AY177764.1.1494	0	81	81	24	1453	5
2372bb08-420d-4a81-b565-e4ee660caebe	AB525465.1.1553	0	81	81	24	1453	5
2372bb08-420d-4a81-b565-e4ee660caebe	order	26921	81	81	24	1453	5
2372bb08-420d-4a81-b565-e4ee660caebe	class	419	81	81	24	1453	5
051ec520-31df-4c98-a46f-1f35542652b3	unclassified	0	0	0	0	2287	1
a40cd0dc-75fb-4349-b502-671529f2017d	unclassified	0	0	0	0	1601	1
10c57dd8-30f4-4ca7-a528-8b5ef1f0fdf3	unclassified	0	0	0	0	1393	1
4ae4fe37-096b-4508-8c10-e8a14a3bac5a	unclassified	0	0	0	0	1561	1
4ec5f66e-8ac9-40ef-9114-771f2956f6ca	unclassified	0	0	0	0	1543	1
627c1c86-47e0-4603-89b7-5855e8b08f38	unclassified	0	0	0	0	1126	1
ab3c8f1c-2a27-4815-ae0b-ea62d0db5a66	unclassified	0	0	0	0	1700	1
1741bf72-f298-442c-9624-b523060918dd	unclassified	0	0	0	0	4806	1
d61e4093-4e2b-44b7-b78a-af06a0d14c2b	unclassified	0	0	0	0	1127	1
eddc813c-1bd3-4e9f-9c56-8dae63729d71	unclassified	0	0	0	0	1526	1
f68b5cb6-ecd6-4051-89e1-440d3870458f	unclassified	0	0	0	0	1482	1
9f8d71ce-a856-4573-9286-8fc299f5707d	unclassified	0	0	0	0	1425	1
93c43c4a-aa20-4edb-9cbb-0f00a6c9f02d	unclassified	0	0	0	0	1310	1
571b9661-027a-4702-b493-c33178e47d13	superkingdom	3	64	0	23	1541	1
cfce0bae-14c5-45ca-bc31-bbdff32e4e95	unclassified	0	0	0	0	1136	1
9f2acec3-759c-4106-b809-2ed411be5a54	unclassified	0	0	0	0	2137	1
2960f17e-0534-4aa5-9d3b-95982f1f26c2	unclassified	0	0	0	0	1322	1
e14c3a52-ee47-4d3d-8fe0-5503c07ce75c	unclassified	0	0	0	0	1536	1
1bfeb17c-9e7b-416e-9839-1a769cbd71b6	unclassified	0	0	0	0	1703	1
c378bf16-3588-4357-bfdb-0961cbedf160	unclassified	0	0	0	0	1917	1
ead586c0-4134-4ffc-a875-ae75a6b2febd	unclassified	0	0	0	0	1409	1
6cd72e64-168f-4477-a46f-5b3cca484391	unclassified	0	0	0	0	1267	1
0e14a457-6b88-4e01-b4dd-b791d1888f09	unclassified	0	0	0	0	1267	1
c8b61e31-5f55-4615-a148-4795747424bc	unclassified	0	0	0	0	1158	1
2cee5d48-bbcd-4e38-b93c-f63193b80888	unclassified	0	0	0	0	1702	1
ce5102d1-9d40-41e4-8ab1-b4735884ab8a	unclassified	0	0	0	0	1290	1
04591edd-34cb-44d7-9bb2-c44f3387e598	unclassified	0	0	0	0	1142	1
541bf548-c207-4f6c-9820-8f12414ea410	unclassified	0	0	0	0	1682	1
b5229ea8-f6be-4dee-ac5f-5ef5ca61a002	unclassified	0	0	0	0	1019	1
6110cab2-e0d1-40f5-a33a-e7122421e23e	unclassified	0	0	0	0	1488	1
b66c3dc8-33bf-4a1a-a99c-51010600825e	unclassified	0	0	0	0	1102	1
15e54a54-c1a2-4ec6-aaf0-1cb5d5e85c3b	unclassified	0	0	0	0	1781	1
de81eb03-39d9-4c06-a324-35b3a639db6a	unclassified	0	0	0	0	1460	1
eeb2bff7-6a8c-4ae2-977b-7d2f3eddde49	unclassified	0	0	0	0	3060	1
488ab916-e42b-4f9e-aa30-6e4524e08726	unclassified	0	0	0	0	1571	1
e4796716-1a05-4bc1-b957-d765fe33c045	unclassified	0	0	0	0	1380	1
e29e9b6f-2dd5-419d-8540-2762e62512a0	unclassified	0	0	0	0	1417	1
85e79f44-fa0b-4a32-9a9e-9017dfaaf169	unclassified	0	0	0	0	1402	1
19343515-9e52-4258-9748-01cd0dea0478	unclassified	0	0	0	0	3441	1
acfcc994-ca32-436f-9584-715c85e46c78	unclassified	0	0	0	0	1014	1
d168f03a-7d89-400c-aba0-bef01e721a7b	unclassified	0	0	0	0	1399	1
195c2cec-61c9-4ac2-bd36-ab4f39f95f42	unclassified	0	0	0	0	1456	1
a8db8607-1c3b-41d2-9275-3f79680da8d3	unclassified	0	0	0	0	1934	1
73b9895c-3e9e-459b-bd30-ae0912308cd6	unclassified	0	0	0	0	1544	1
878e82f0-40c3-4fc5-a590-07473adeccfa	unclassified	0	0	0	0	1108	1
521937fd-0f02-48cc-ad14-df2bd9f6e637	unclassified	0	0	0	0	3344	1
ad06797d-6361-47dd-928b-082464f0b478	unclassified	0	0	0	0	1335	1
a1ebef55-3312-4c3c-8e43-9cbbeb654f6f	unclassified	0	0	0	0	1511	1
19a76f9d-4723-4f95-b3ea-334e758a229f	unclassified	0	0	0	0	1504	1
f963ea91-90cb-4f8e-ac4a-f137dfb2683f	unclassified	0	0	0	0	1252	1
5ffa1d0d-05bc-4466-b276-08a7d3c580be	unclassified	0	0	0	0	1367	1
df7ff8b0-0f67-4c00-b99b-9284a164aee1	unclassified	0	0	0	0	2094	1
89001c0e-f682-4008-b3a4-1db01207fd49	unclassified	0	0	0	0	2013	1
f8aac932-f74d-4afe-bc6d-8536e5d7c505	unclassified	0	0	0	0	1258	1
44568cbc-f7c2-4b2e-b087-09e16dac2c9f	unclassified	0	0	0	0	1558	1
187586f8-2ff2-4923-b955-6703d91b60f7	unclassified	0	0	0	0	1778	1
a17db4ae-c14d-4e8b-9dfa-e6999badca68	unclassified	0	0	0	0	1475	1
bef78317-851e-4de7-aead-d1ae11dee333	unclassified	0	0	0	0	1420	1
1d60dc46-299e-4490-8af9-444d533d9ab1	unclassified	0	0	0	0	1247	1
e485cf18-5591-4af5-bf6b-1751aa85304c	unclassified	0	0	0	0	1450	1
8d2b1f90-6059-4bcf-b4e3-e39a173ccc1b	unclassified	0	0	0	0	1383	1
3d5433b6-9176-49a8-8b6e-eaedb68b7436	unclassified	0	0	0	0	1022	1
09a39868-05e6-41e3-b67e-c8820ca8f9db	unclassified	0	0	0	0	1233	1
9cd27d15-b689-4a16-a6fc-46521d68382f	unclassified	0	0	0	0	1241	1
3a82e171-d8c5-466d-8294-59e708ebb4cf	unclassified	0	0	0	0	1455	1
cd09562c-bb66-486c-9c98-7fc2ee224e14	unclassified	0	0	0	0	4041	1
7cca4cc2-e589-40ac-a54f-70021db00c2f	family	3469	121	0	26	1415	1
8cb89f4c-5900-4637-a600-3acf21027f3e	unclassified	0	0	0	0	1725	1
53459a95-88dc-4041-aa97-f7c2541dcc8d	unclassified	0	0	0	0	1290	1
88dbe90d-7e15-4f56-80c1-65c072d630a4	unclassified	0	0	0	0	1486	1
a2b479c3-40d8-45f4-b02f-594cc77f8cff	unclassified	0	0	0	0	1594	1
83785ce3-216e-4fec-b798-b162fa445c79	unclassified	0	0	0	0	4543	1
96ddb4cb-a023-4690-accd-de4a63b680be	unclassified	0	0	0	0	1561	1
4c1235a2-e7f6-40aa-b5fb-98b96cc91425	unclassified	0	0	0	0	1523	1
86a96f2f-b669-49ef-9cd1-ca8dacc82854	unclassified	0	0	0	0	1421	1
3e6d2165-1f27-44f8-9896-8bf646cf7a70	unclassified	0	0	0	0	6351	1
4f6c2cb5-b887-4a99-b4ac-50d8e8eab4bc	genus	24493	144	144	27	1420	5
4f6c2cb5-b887-4a99-b4ac-50d8e8eab4bc	genus	24494	144	144	27	1420	5
4f6c2cb5-b887-4a99-b4ac-50d8e8eab4bc	genus	26971	144	144	27	1420	5
4f6c2cb5-b887-4a99-b4ac-50d8e8eab4bc	family	24495	144	144	27	1420	5
4f6c2cb5-b887-4a99-b4ac-50d8e8eab4bc	genus	26989	144	144	27	1420	5
5f883ced-a015-4aab-be91-e7767332f893	unclassified	0	0	0	0	1812	1
90107264-8b29-4f73-a961-a3d6172d7061	unclassified	0	0	0	0	1156	1
a25ebc90-2cdd-49bd-a2c3-04c07dd271ce	unclassified	0	0	0	0	2084	1
450fc3e3-a622-4e47-b69c-afc1723beed2	unclassified	0	0	0	0	1443	1
9e43c1a2-2618-476e-9df4-3d5a92603839	unclassified	0	0	0	0	1409	1
a3bd5f80-b6d9-42be-ba87-100c499b252c	unclassified	0	0	0	0	1397	1
a98a9758-ef7d-42ad-b16f-9567a6e50bb4	unclassified	0	0	0	0	1993	1
cef5d839-2228-487a-bae1-ec3b1764b4e8	FPID01000333.17.1463	3504	121	121	26	1569	4
cef5d839-2228-487a-bae1-ec3b1764b4e8	JX083959.1.1420	1688	121	121	26	1569	4
cef5d839-2228-487a-bae1-ec3b1764b4e8	KJ176728.1.1470	26545	121	121	26	1569	4
cef5d839-2228-487a-bae1-ec3b1764b4e8	KR072678.1.1498	14638	121	121	26	1569	4
97c9746c-74b3-4d5d-ac07-c2ab029138a4	unclassified	0	0	0	0	1131	1
7df6fff9-8f0e-4bff-abcb-23ca05bce855	unclassified	0	0	0	0	1553	1
92e03107-4846-4425-af61-67a4308fa3ee	unclassified	0	0	0	0	1271	1
a420b05e-bb85-4c1a-92ac-3a591d9da36c	unclassified	0	0	0	0	1295	1
e6525f5f-05a0-4883-a746-fd16705a1c7b	unclassified	0	0	0	0	1089	1
02cc41b5-7a34-48b2-97e0-40e255a5467d	unclassified	0	0	0	0	1377	1
962aab2c-020a-4b53-b12a-cbebe1451485	unclassified	0	0	0	0	1488	1
d8f544f9-7c51-4672-917e-5268ecf98a23	unclassified	0	0	0	0	1321	1
c724d3ee-3cf1-4fe8-adc6-2efdaefe46f4	unclassified	0	0	0	0	1535	1
d380ca5c-9b2c-4677-b095-b1ea756da7b1	unclassified	0	0	0	0	1249	1
3f38657c-d867-412c-be2a-d15b8757906e	unclassified	0	0	0	0	1490	1
02ea492d-4d96-48a2-9d18-82e903b40658	unclassified	0	0	0	0	1329	1
23a4ace3-253a-4491-9d27-cf03181c1726	unclassified	0	0	0	0	1074	1
5e4207c3-57fc-4a5c-bf6f-456ef9704606	unclassified	0	0	0	0	3339	1
bfb39b60-364c-4bae-97fc-24700913a34b	unclassified	0	0	0	0	1483	1
bab9e959-3af0-4da1-bd2b-e3eaa4327bbc	unclassified	0	0	0	0	1357	1
11107914-d3a6-41d2-95fb-c17938b4f54a	unclassified	0	0	0	0	2477	1
1d4bab38-dabe-41fd-9597-fece925d5fd6	unclassified	0	0	0	0	1657	1
20e5eeea-8c7a-4185-94f5-88ff5ac43e94	unclassified	0	0	0	0	1592	1
a2a6d326-b072-4ec0-9587-f50e94820cd0	unclassified	0	0	0	0	1414	1
75ea0e2f-1c24-40cb-989c-610bb4b3f8af	unclassified	0	0	0	0	1232	1
fb6ec9e2-b270-469b-95bf-9824b82b34cd	unclassified	0	0	0	0	1470	1
9cf5bcf7-5fd0-448f-a5f3-986e4f512a0b	unclassified	0	0	0	0	1396	1
fe167374-5cd9-408a-a935-70dcf2e2c64c	unclassified	0	0	0	0	1470	1
ac2d0bff-c18f-4af5-adff-26fdeb00fc9b	unclassified	0	0	0	0	1554	1
2c6bc110-e780-4393-bb16-b7234cc232bd	unclassified	0	0	0	0	1602	1
43fe1905-1f3e-4999-ad34-7f79aa851382	unclassified	0	0	0	0	1719	1
2c5fffde-9be1-443b-bc88-bdf1c0c7543e	unclassified	0	0	0	0	3181	1
bd07eaea-0f05-4f5d-8e13-323c0143d807	unclassified	0	0	0	0	1467	1
e0788c28-e61c-4bcf-9237-e52f683e62b9	unclassified	0	0	0	0	1345	1
5bf88b10-5c89-4221-9121-5bca1e3d3c1e	unclassified	0	0	0	0	1491	1
a960e70f-c903-439b-9fb8-fcc5ab19a726	unclassified	0	0	0	0	1099	1
be53346f-34eb-469a-8893-aa45e9871cb1	unclassified	0	0	0	0	1385	1
f86f9674-a120-4d3f-b4ec-b050d2d4b832	unclassified	0	0	0	0	1492	1
4025cda2-e870-4a2c-8ad2-023d601b55ce	unclassified	0	0	0	0	1017	1
8c132484-9300-4506-a952-57b2369df991	unclassified	0	0	0	0	1197	1
99f52894-19a3-4729-ad7d-3e84bafd7733	unclassified	0	0	0	0	1199	1
163fe4b9-f794-4774-92f2-2d9adba49006	unclassified	0	0	0	0	1235	1
48669519-2f64-4dd5-9c77-2f8894768389	unclassified	0	0	0	0	1202	1
45c13d90-d811-4fc8-9ed2-62f079115ed2	unclassified	0	0	0	0	1474	1
cc513ce4-9655-43a5-b2a6-7022cf76c579	unclassified	0	0	0	0	1400	1
4c562176-593d-4ecd-9ef7-f819a109c12c	unclassified	0	0	0	0	2570	1
a9c4bb22-1ac6-4e08-83c8-ffa23907e4a0	unclassified	0	0	0	0	3605	1
3424be53-71f9-4aa9-b614-204958a75eaf	unclassified	0	0	0	0	1850	1
b2b93eb5-7e5e-42ed-8192-6ec05c01b77e	unclassified	0	0	0	0	1310	1
9e77c13a-64e6-4968-a198-f4175153bb25	unclassified	0	0	0	0	1116	1
a5280850-282d-452d-925f-f8d16fc0b7c9	unclassified	0	0	0	0	1654	1
41700c61-3f94-4c53-aa7d-5e42d9d97ab6	unclassified	0	0	0	0	1434	1
029692db-e396-403e-b9c1-799c8b953453	unclassified	0	0	0	0	1785	1
b5252021-a4f5-424f-b05f-cef9b73d198b	unclassified	0	0	0	0	1166	1
34c62ec6-3be7-4f6b-9387-8cb283e01b55	unclassified	0	0	0	0	1589	1
54c4ba3f-ecde-4519-9846-2e3945202599	unclassified	0	0	0	0	1741	1
607bd2ec-4791-42fc-8dde-678c93a9c622	unclassified	0	0	0	0	6299	1
e92bf1c2-3254-4973-8fd7-84c6abd25db3	unclassified	0	0	0	0	1421	1
676b15fc-d07b-4226-b186-dc38c015ff21	unclassified	0	0	0	0	1492	1
fd09f301-4e66-49b1-b5bc-6f45f797832a	unclassified	0	0	0	0	4495	1
8985196c-0ad0-4695-8c45-d26dd1d8ffe1	unclassified	0	0	0	0	1616	1
50aafd5f-afbf-4abf-9f41-74a648a8e14a	unclassified	0	0	0	0	1546	1
00cf3b18-d600-4caf-aa6e-84b7f4026192	unclassified	0	0	0	0	1444	1
32bc83c6-71ab-43b5-89d8-477913483b58	unclassified	0	0	0	0	1459	1
9a5498f6-1517-4c02-b7c7-dbf40781ea2a	unclassified	0	0	0	0	1471	1
bd2e130a-e1e1-42f0-bea9-3155d9e15ea9	unclassified	0	0	0	0	4036	1
8d3e4fe9-ad01-40b3-9b18-cd459fe3ed5d	unclassified	0	0	0	0	1536	1
510e1a33-7395-4218-af55-a5d0cacd40b7	unclassified	0	0	0	0	1489	1
f54daa53-a12c-45be-83cd-a4c4c76a27aa	unclassified	0	0	0	0	1003	1
dc739c4e-7ecb-47fa-908f-3da5c253cde1	unclassified	0	0	0	0	1078	1
f174bcb2-1660-4f73-b1f6-6faef1c9a225	unclassified	0	0	0	0	1504	1
38d92f90-a0c8-4acc-a804-24e37200d218	unclassified	0	0	0	0	2596	1
22bd3005-ee0b-4eda-8ad2-9aed3a81e957	unclassified	0	0	0	0	1272	1
fce641ff-16d5-474d-be15-794e5fdea97b	unclassified	0	0	0	0	2589	1
17f45a37-1076-43cf-a1d3-baa9b23a4302	unclassified	0	0	0	0	1032	1
880e5e82-58fa-49b0-9a66-2d2553a24487	unclassified	0	0	0	0	3851	1
3e31591a-f333-4c26-a44c-d6c1d5e7ec65	unclassified	0	0	0	0	1228	1
048cf1a0-acd7-4e5b-a920-e41513af7b80	unclassified	0	0	0	0	1180	1
593f921a-3af5-4942-a7b8-137a3519d01c	unclassified	0	0	0	0	1382	1
25a61da9-f23a-41af-ab0f-fa0767da67c6	unclassified	0	0	0	0	2278	1
a08ca3c1-eea5-4ade-80e0-6ef01f5394fd	unclassified	0	0	0	0	1475	1
60b6be15-ea52-4980-bd6e-791c20677e54	unclassified	0	0	0	0	1442	1
10b9b203-06c4-4d51-a075-d72faadb8ba4	unclassified	0	0	0	0	2148	1
58edc5b3-c62e-421a-8ee9-494e2dd451dd	unclassified	0	0	0	0	1797	1
55f92cd3-379e-474c-ae4f-eea220ba4a06	unclassified	0	0	0	0	1451	1
8b37f53c-23a9-4c5e-81f6-f79de799f05a	unclassified	0	0	0	0	1246	1
195de78f-8a32-4f74-9300-90f52834e31b	unclassified	0	0	0	0	14699	1
dd173ef5-86bb-4a4d-a17d-2871cefaef8b	unclassified	0	0	0	0	1475	1
86c91b1e-0ae0-440e-8be8-097094d6bdaa	unclassified	0	0	0	0	1556	1
270970ae-486e-45cf-887d-32f1015448e6	family	26981	81	81	24	1498	2
270970ae-486e-45cf-887d-32f1015448e6	order	27008	81	81	24	1498	2
2cfa1103-b2dc-4961-bfb8-384b369bb827	unclassified	0	0	0	0	4913	1
3b44ba7d-99c7-40ca-a356-714a83c4fa8b	unclassified	0	0	0	0	2186	1
abecf257-4f77-418c-ba27-301748650418	unclassified	0	0	0	0	1510	1
e41cd45f-6c9e-4a8b-8957-2b7d6fd856d5	unclassified	0	0	0	0	1273	1
0f8b999c-2a5a-48a9-8271-d0e598c092a9	unclassified	0	0	0	0	1522	1
a131bd58-d613-4507-ae96-245229678efb	unclassified	0	0	0	0	1169	1
742ec9d0-bb34-4958-99d5-985a8f723ef1	unclassified	0	0	0	0	2639	1
5315a08e-a263-43de-95b0-ce77dfe55b61	unclassified	0	0	0	0	1454	1
caa0752a-5acc-49f5-851d-30f86fbaedf3	class	419	81	81	24	1467	2
caa0752a-5acc-49f5-851d-30f86fbaedf3	order	1674	81	81	24	1467	2
080dc919-e0ab-41be-b502-fc3e42556eb2	unclassified	0	0	0	0	1136	1
ae8c3595-9ec2-4823-921e-fafc498e01d2	unclassified	0	0	0	0	1260	1
998741b6-b9e9-494e-a01c-aa68687b259c	unclassified	0	0	0	0	1141	1
39c6a658-62ab-4aad-bd53-f3b257caf902	unclassified	0	0	0	0	1213	1
19e9ea2d-bf05-4054-ab15-f1e166451bff	unclassified	0	0	0	0	2098	1
67c2bb81-627d-4cd8-9c13-c676b9541910	class	26888	81	81	24	1547	4
67c2bb81-627d-4cd8-9c13-c676b9541910	phylum	2375	81	81	24	1547	4
67c2bb81-627d-4cd8-9c13-c676b9541910	class	401	81	81	24	1547	4
67c2bb81-627d-4cd8-9c13-c676b9541910	class	2260	81	81	24	1547	4
40caa006-bab5-4e14-8384-ff53b637c79b	unclassified	0	0	0	0	1507	1
88e04433-d557-47c2-92f9-a13f6c98ebb6	unclassified	0	0	0	0	1326	1
4f143b7e-8eff-45e4-99c0-1a4713659f83	unclassified	0	0	0	0	1254	1
a84794d2-ab12-487a-8534-7ca257116b6e	LRXJ01000189.39.1541	3504	100	0	25	1354	1
33bae811-e4bf-4225-a75c-4e4932fb5056	unclassified	0	0	0	0	1466	1
4c8f57dd-9715-4c4b-b072-f08dad491b4a	unclassified	0	0	0	0	1785	1
a8a0c7ea-ef8b-49b0-89a3-7f47c14a1d62	unclassified	0	0	0	0	1473	1
f0a4e990-d564-4de8-89e7-21d6fd197f6c	unclassified	0	0	0	0	1431	1
47d4ad5e-b0fe-497c-a1d4-c19028712616	unclassified	0	0	0	0	2745	1
f40588c7-3223-4d04-afeb-e9cf002a0732	unclassified	0	0	0	0	1620	1
8c789a6f-fc25-4db9-9cf5-ec63f15b178c	unclassified	0	0	0	0	1364	1
61adcb80-74ed-4793-8573-e0ef8c454200	unclassified	0	0	0	0	1399	1
f98dd8fa-e035-4f21-b7db-c050c5bbc4ef	unclassified	0	0	0	0	1428	1
7517fc56-f839-4adf-b28a-0d0016379d9f	unclassified	0	0	0	0	1069	1
37914606-3aa7-438b-8da9-1d4f9d3464b4	unclassified	0	0	0	0	1399	1
945cb995-bfc1-4379-b694-a41b0767a79a	unclassified	0	0	0	0	1560	1
c3d56a17-b338-408e-9310-174554dc9906	unclassified	0	0	0	0	1481	1
36d0beb8-f307-443b-b39b-3693d72ec1b7	unclassified	0	0	0	0	1606	1
32c33be9-52fe-4a72-91d8-8e710682fe9b	unclassified	0	0	0	0	1216	1
9d0863c1-6982-42ec-95cc-85b05b762215	unclassified	0	0	0	0	1397	1
cecaf1fa-f2ed-44ba-ab5b-0cef3c37615b	unclassified	0	0	0	0	1460	1
c07d076f-9636-46ec-a3d2-77acefc1be2f	unclassified	0	0	0	0	1809	1
735d0f0d-4b92-432c-8a43-f18a4a0ec934	unclassified	0	0	0	0	1218	1
2d591edb-da91-45d9-80e8-816cd955aa73	unclassified	0	0	0	0	1369	1
2d3cd881-e975-4ee2-87ad-9e5792a55502	unclassified	0	0	0	0	1353	1
caed98ef-57dd-4a80-8ac8-a8f3eb833795	unclassified	0	0	0	0	2121	1
cda294ff-60ed-4d3a-ae8a-0505520c274a	unclassified	0	0	0	0	1526	1
02f1c404-4ce6-4135-b792-7c394d4fa037	unclassified	0	0	0	0	1444	1
1a055f60-5ae0-4bd3-bc7c-4f61d7c9ac7c	unclassified	0	0	0	0	2159	1
41748dc0-7af2-4498-af0d-b188293bc05a	unclassified	0	0	0	0	1863	1
dbee90a9-0588-40a7-857e-f130224d867e	unclassified	0	0	0	0	1472	1
ff2fbe43-009a-4868-9010-ba4676749577	unclassified	0	0	0	0	1073	1
55f5c09e-b4db-415c-81d1-6d09bdd2cb47	unclassified	0	0	0	0	2393	1
e6eb1182-a6bd-4011-9333-ffed96263483	unclassified	0	0	0	0	2820	1
0cd52d90-de47-4717-805b-00b533275233	unclassified	0	0	0	0	1271	1
a0a063b4-1b71-468f-a52d-08a35952859f	unclassified	0	0	0	0	1489	1
44a9a168-26ad-4e99-b1b0-49de64180502	unclassified	0	0	0	0	1304	1
7f3a3552-f0f6-4acf-aac7-6eb546886061	unclassified	0	0	0	0	1939	1
201f1df7-19b3-49db-8fc6-64452d3f9b47	unclassified	0	0	0	0	1952	1
2634ea2b-0b0a-47ea-bdb3-7bc3a6a4e6c9	unclassified	0	0	0	0	5789	1
787647b3-b3cb-47c9-9c1e-000f2d1119c1	unclassified	0	0	0	0	1707	1
035c995a-bb83-4432-8540-24cfd8a2ec9a	unclassified	0	0	0	0	1157	1
85b05f81-f7a8-42b8-8a0b-701c1fbfe6d1	unclassified	0	0	0	0	1137	1
16d1b714-8a72-4d04-8cad-d5a942409055	unclassified	0	0	0	0	2567	1
e7c68198-e480-4806-8cff-85fdc8e1c328	unclassified	0	0	0	0	2237	1
779f8900-de76-4203-843f-c8ab53b37908	unclassified	0	0	0	0	1060	1
44275b57-32a0-429e-be5f-370cbd97b1e8	unclassified	0	0	0	0	1478	1
4ebe2ef8-257b-444c-afbd-f5d5e56f6a9d	unclassified	0	0	0	0	1438	1
88e8efae-d8ae-4665-9e47-0a02587d615b	unclassified	0	0	0	0	1829	1
9a19bfab-5bca-424e-aa15-4ad3f497c700	unclassified	0	0	0	0	1432	1
11ed5f9e-73c4-4114-8424-03da38cff3ef	unclassified	0	0	0	0	2465	1
21ee50d2-4d62-43d7-bdfa-56cf739b2e8e	unclassified	0	0	0	0	1377	1
dbd74238-9eb2-4eab-8e66-8f5ccaf2591a	unclassified	0	0	0	0	2173	1
b53b2e1d-cbb8-4b3d-803f-2eaa131a9a21	unclassified	0	0	0	0	1596	1
df47294d-c216-400d-9931-527b596cbd98	unclassified	0	0	0	0	1377	1
1fee8836-b4fc-4612-85cc-2d7ca6b86478	unclassified	0	0	0	0	1864	1
ea788fcf-bfa0-4a7f-acac-c47e8d728fe2	unclassified	0	0	0	0	1365	1
61b2b329-8374-4699-ad7a-bff2bcdc5a25	unclassified	0	0	0	0	2491	1
b61fed74-3ade-45c7-a06d-8cbdad28229a	unclassified	0	0	0	0	1037	1
6a0fed88-7567-4391-818f-a80e1b5c4edf	unclassified	0	0	0	0	2341	1
d99c6728-23fb-4add-88f4-4a2fccaccfa7	unclassified	0	0	0	0	2678	1
ed5914f6-ce08-4344-9e52-20b3a54889a7	unclassified	0	0	0	0	2889	1
7fe05dbf-df2f-4ace-ae6d-5d7411722ab0	unclassified	0	0	0	0	1660	1
d4ea7dfe-9692-40bb-8039-570110d62f3f	unclassified	0	0	0	0	1372	1
b1a37db4-9aec-4acd-a7c0-0eec6f8a3fcc	unclassified	0	0	0	0	1120	1
69e62d7e-c673-44a8-aa56-42b29d33bb8d	unclassified	0	0	0	0	2027	1
e0fe600a-a14b-4921-bd5b-6b640d84a813	unclassified	0	0	0	0	2180	1
3607695e-13bb-42dc-a1db-a9442cd0e8ce	unclassified	0	0	0	0	1001	1
8e9e7033-cd9d-4005-bad2-6ad7cb915614	unclassified	0	0	0	0	1651	1
862faf72-2c51-433e-a722-bddbde2642aa	unclassified	0	0	0	0	1755	1
4140e390-32f0-4b13-89c6-4be57a860d5c	unclassified	0	0	0	0	1589	1
37b06f43-de1b-486f-80b1-b88d16f8ab09	unclassified	0	0	0	0	2984	1
3f275e23-aabf-4bb1-aa2d-d0e04022ceb7	unclassified	0	0	0	0	1493	1
5cc73d5a-975e-486e-b7c6-2f91c3c56290	JN178736.1.1465	14239	144	144	27	1514	2
5cc73d5a-975e-486e-b7c6-2f91c3c56290	HQ114053.1.1470	14239	144	144	27	1514	2
907068df-dccc-4167-8e49-67a30f2b1cf5	unclassified	0	0	0	0	1317	1
17c1d62b-2b79-45ac-b5a6-5927644852a2	U88075.1.1510	13298	81	0	24	2944	1
2446956e-1ad7-48eb-9469-f1cceee56382	unclassified	0	0	0	0	1512	1
9177378e-3a59-4171-9956-516247a4cab8	unclassified	0	0	0	0	1185	1
df5bb4c3-8b92-4ec0-a848-736160c6354c	unclassified	0	0	0	0	1017	1
dbc497f3-565b-4317-bd97-0d046a0306da	unclassified	0	0	0	0	1559	1
f69c8933-6087-488d-b081-45b17e2c99fa	unclassified	0	0	0	0	2461	1
e3740fde-99b4-46d2-9d05-2b3500cd4a4f	unclassified	0	0	0	0	4354	1
61b98a68-73b3-42b5-ab6b-48f326075ee4	unclassified	0	0	0	0	2065	1
a17bb1d5-2f9c-4823-886e-8cbab07ba5cb	unclassified	0	0	0	0	2093	1
0c998748-1fca-4dc2-9151-1153a0fd1ebb	unclassified	0	0	0	0	1781	1
ffc72ae8-569a-43f9-ab4b-204345e52099	unclassified	0	0	0	0	2208	1
3179a790-1ce5-4f25-83ac-89ee7a7a2cec	unclassified	0	0	0	0	3152	1
7fdf9bed-b87b-494f-ab5d-05e7de17f459	unclassified	0	0	0	0	3897	1
e258ef83-35b0-458e-961c-8f67426275cf	unclassified	0	0	0	0	4654	1
ba3d61fe-2caa-4e58-a8b0-488d507d9423	unclassified	0	0	0	0	2883	1
8808af4a-7576-4d4e-9d79-7f44f8cda378	unclassified	0	0	0	0	1373	1
1fc5d046-d6c3-4c4e-9f3b-d0452ae49072	unclassified	0	0	0	0	1435	1
0b905068-2533-4539-aeeb-81f3d166ad00	unclassified	0	0	0	0	1465	1
695d530b-11b4-4771-a899-7bc9122c1ad8	unclassified	0	0	0	0	1498	1
59998e0c-22d7-4d9d-a41a-1ee227688e06	unclassified	0	0	0	0	2584	1
f97f6f9f-3ebd-4cff-946b-fb160cda3291	unclassified	0	0	0	0	1786	1
7c4bd4c8-f57b-499c-ab69-ac9bfb8dd286	unclassified	0	0	0	0	1481	1
1f4f9488-f284-4b9b-be24-917b9576343c	unclassified	0	0	0	0	1327	1
b65d8b37-e825-4401-b6fa-87731cd165e6	unclassified	0	0	0	0	1272	1
c750cd48-697f-4eb2-b65e-343511ff43d9	unclassified	0	0	0	0	1518	1
dbeabd39-abbc-4e3d-8448-cbfb40d26752	unclassified	0	0	0	0	1948	1
1810b1b2-739c-45d5-9d9d-013c205764f3	unclassified	0	0	0	0	1530	1
82d0d397-31ad-4823-b3a1-af3c75f2b5fb	unclassified	0	0	0	0	1740	1
c9d5fd84-a9af-42f6-b624-e4008cb56445	unclassified	0	0	0	0	1437	1
951c2633-e30f-4c85-b12a-5e86c049449a	unclassified	0	0	0	0	1506	1
1720ea92-bdce-4269-b700-2f831ca0e354	unclassified	0	0	0	0	1618	1
ecff0907-604b-4a45-a2c9-7898954ef8b1	unclassified	0	0	0	0	1619	1
0d11c160-d7bc-4cb1-bb43-f73dff78e992	unclassified	0	0	0	0	1639	1
89cff1e4-0c2d-4dc3-9704-a095a67902f7	unclassified	0	0	0	0	1385	1
cd4567c7-7b52-4797-aa79-ecb500b044c5	unclassified	0	0	0	0	1808	1
c0efd7eb-893a-4f1c-a1f3-c7b63bcd185b	unclassified	0	0	0	0	1527	1
35c03651-8420-4d75-9b19-bb04b231d9ef	unclassified	0	0	0	0	1495	1
e86c78f5-021a-4475-a4f1-3a826d26d16c	unclassified	0	0	0	0	1106	1
101ab03d-950c-4417-8994-a3fc5200f2aa	unclassified	0	0	0	0	1481	1
9d98bfd3-cd10-4fd1-81f6-069ba00bde41	unclassified	0	0	0	0	1496	1
7e6e64aa-00c2-495d-b86e-54f0f22a1566	unclassified	0	0	0	0	2096	1
4e49c21f-273c-4314-be9a-b5ac56633d25	unclassified	0	0	0	0	1129	1
f9762bc5-6459-4af7-9394-a561e7b0a2e0	unclassified	0	0	0	0	1349	1
b32ba6ff-294b-4056-a2b7-c814124b5342	unclassified	0	0	0	0	1430	1
6980adc0-e357-45bf-9434-74e063388b1e	unclassified	0	0	0	0	1558	1
89989553-041f-473d-a01b-632eb5cd2d71	unclassified	0	0	0	0	1243	1
d4e8caf8-bffe-4b9e-bb5f-26941e71ab5e	unclassified	0	0	0	0	1439	1
d0b381e2-2f74-4b6a-a014-50d411939f8c	unclassified	0	0	0	0	1446	1
f2a6c1a6-a288-453e-9ac6-b5c70225f27c	unclassified	0	0	0	0	1028	1
773d4918-b53a-4261-aeaa-74b9ff44a557	unclassified	0	0	0	0	1488	1
a0911efa-1e03-4a91-ace4-301a5cd71f59	unclassified	0	0	0	0	1607	1
81837a59-4e43-4fb7-9f24-a2e1be7e4c75	unclassified	0	0	0	0	1472	1
ec926782-f911-4930-84eb-3d86d05b8c6c	unclassified	0	0	0	0	2034	1
ed638b4d-9774-4ef9-bf2f-0d1416617d2d	unclassified	0	0	0	0	1652	1
3cc7cb2e-ed17-4564-8f82-a220553b557c	unclassified	0	0	0	0	1394	1
b63431b3-504f-439d-9ba9-cfa17a4b17d1	unclassified	0	0	0	0	1493	1
bb3a9165-2540-4e17-b013-68a753bb6f99	unclassified	0	0	0	0	1426	1
67be0704-7ff2-409d-97c4-a949581fbabd	unclassified	0	0	0	0	1483	1
4f6a08ac-165b-451a-b0a5-652c3d7b74b6	DQ816502.1.1459	3497	64	64	23	1507	2
4f6a08ac-165b-451a-b0a5-652c3d7b74b6	KT985369.1.1406	3502	64	64	23	1507	2
b84c89c3-9acd-466a-9391-dc2e3b4edf60	unclassified	0	0	0	0	1359	1
f3fbc463-29ac-43d1-84ea-8f70db36f973	unclassified	0	0	0	0	1497	1
8d5326cb-696e-4159-b3ec-41354a06a46f	unclassified	0	0	0	0	1501	1
3ae5bdb7-a1c0-4c74-8118-77e169f240f3	unclassified	0	0	0	0	1885	1
552ab8b4-b3d0-4072-8fff-773cb1e4b1f3	unclassified	0	0	0	0	4439	1
e4c27786-2655-4aa7-9194-7a3596f4c0ac	unclassified	0	0	0	0	1015	1
ba34a3d4-1008-4578-9b8c-178e1b64d572	unclassified	0	0	0	0	1184	1
20ecee7a-316d-4368-8c86-3eaabd5b3cfa	unclassified	0	0	0	0	1189	1
32389a07-23fb-40d4-893b-c27f1a0f5a9f	unclassified	0	0	0	0	2146	1
77ef6ae7-08c6-4d8c-bc10-ca993ad8a677	unclassified	0	0	0	0	1479	1
882ebeec-c07e-4d96-ab87-4b078043b097	unclassified	0	0	0	0	1485	1
3e6ff2b1-623f-411c-b75f-5e31d8d12cd6	unclassified	0	0	0	0	1621	1
c8fe3883-8fc6-413b-af58-e9b0f1527630	unclassified	0	0	0	0	1729	1
2cf37dbf-b76b-40b1-961e-46550e3be8f9	unclassified	0	0	0	0	1324	1
2c576504-62c1-4e4d-907f-933291db7e8f	JN440524.1.1430	1593	121	121	26	1387	2
2c576504-62c1-4e4d-907f-933291db7e8f	EU705218.1.1279	1853	121	121	26	1387	2
ca37f8fd-74db-40f4-811f-a37c1a1f737c	unclassified	0	0	0	0	1972	1
759e6166-fd61-4a26-b06d-0170c424e492	unclassified	0	0	0	0	1459	1
8ca363ef-aa38-4d5d-aae0-a34fbf6ef3aa	unclassified	0	0	0	0	1813	1
943712cf-4bdd-43e3-9633-2bbefb6f08c1	unclassified	0	0	0	0	1535	1
7cb90ff8-a192-4fa1-a880-4dc368070d8d	unclassified	0	0	0	0	1517	1
0ebec596-6ccd-4ae4-8289-71ff6747fc36	unclassified	0	0	0	0	3336	1
b9918972-4c53-42e3-8b39-b4727c452847	unclassified	0	0	0	0	3900	1
2775c2c1-3194-4b7e-a2f7-4ec547c444ec	unclassified	0	0	0	0	1656	1
7101c9fa-7305-467a-8d1b-58b0fbe9428c	unclassified	0	0	0	0	1188	1
9c31678d-997c-4189-8439-2b4cf0964aa5	unclassified	0	0	0	0	2092	1
c16db84f-d420-4a79-b2db-b1ddeef7c7c5	unclassified	0	0	0	0	1523	1
6bad694f-163d-4507-a0c5-7a39d086581b	unclassified	0	0	0	0	4070	1
d6ccfb67-38dd-4e3c-a127-98cea24ec78e	unclassified	0	0	0	0	4078	1
051be8ad-d4c5-4181-9e5c-3c61fb349b58	unclassified	0	0	0	0	1410	1
85c04269-0d6c-40c7-8c0b-d78682d039b6	unclassified	0	0	0	0	1350	1
706398b0-04d0-4120-9928-326a5e715e0f	unclassified	0	0	0	0	1442	1
00049e93-c661-4a15-92ae-b31f6f5e83ae	unclassified	0	0	0	0	1457	1
5350661b-0a38-4f44-893a-e9cebb0fbd38	unclassified	0	0	0	0	1432	1
e0c1c8c9-4ef5-44ba-8291-3735680e6f5a	unclassified	0	0	0	0	1532	1
56dc8908-3f79-4a15-9eae-83600f6ac780	unclassified	0	0	0	0	1643	1
90eb529b-f11b-4d29-88f8-fb6af77b397c	unclassified	0	0	0	0	1542	1
7748fbd0-a13e-4cfb-b8b7-afec72068529	unclassified	0	0	0	0	1165	1
c2487e01-8b6e-4260-80b8-1a6022271f25	unclassified	0	0	0	0	1407	1
158dfc1f-a1c5-461b-a4b5-b65963cec4f3	unclassified	0	0	0	0	1487	1
92555c7d-e7b3-4260-a5a5-9d0fd7a0f0fa	unclassified	0	0	0	0	1188	1
77646d94-0c85-4ec5-be60-3822d9b1a955	unclassified	0	0	0	0	1026	1
b0b3841c-5c62-419a-a03a-977b22412132	unclassified	0	0	0	0	1772	1
0f6dc1c4-1c5b-4be8-8214-0fb293461e15	unclassified	0	0	0	0	1393	1
f1c77ac7-5b14-48b6-b03e-3ca82014d009	unclassified	0	0	0	0	1526	1
8bd5783d-955e-4da8-8588-01262db6dc60	unclassified	0	0	0	0	1499	1
462b64fa-634d-4ff6-8863-344e6ad45929	unclassified	0	0	0	0	1400	1
db2ee56a-1f08-48d3-acde-557a16f77a2d	unclassified	0	0	0	0	1452	1
6a698c52-68c9-4ddf-8d4b-7ff18e131a87	unclassified	0	0	0	0	1618	1
becb2de0-298f-41c4-8729-55422b381fa3	unclassified	0	0	0	0	1584	1
16a69b66-156a-42ef-9c61-e11701180424	unclassified	0	0	0	0	1121	1
20700e62-6286-4791-bf36-3940b735dde7	unclassified	0	0	0	0	1214	1
17c26185-7a45-4753-bc2b-22add3784a6b	unclassified	0	0	0	0	1534	1
490f1a2a-944c-43bc-bfd7-98c0a4997376	unclassified	0	0	0	0	1500	1
63d92f56-3c82-4dd4-85fa-611c823cccfe	unclassified	0	0	0	0	1297	1
17021c7a-2a26-43d8-9579-92eea1d0eb4d	unclassified	0	0	0	0	1456	1
e2cb1eb9-f358-4a43-a803-b04a0ff5bd9e	unclassified	0	0	0	0	1466	1
2a56bcc9-e36f-434e-985e-237247a0eb1a	unclassified	0	0	0	0	1502	1
2c23db62-ca85-47b2-80a3-88b45bcbb49d	unclassified	0	0	0	0	1034	1
c1e8bb21-41d9-4143-bbb5-84797280c46c	unclassified	0	0	0	0	3432	1
5c7fd096-5af8-4dc4-9abc-28bfac7f9692	unclassified	0	0	0	0	2002	1
545fcccb-2726-47e5-96cc-6cffad0c7f47	unclassified	0	0	0	0	1565	1
da80a0b7-0524-4b63-9835-5e7e233f0f55	unclassified	0	0	0	0	1244	1
2392e8c5-1924-4cda-a033-7beb9469b561	unclassified	0	0	0	0	1458	1
8148c494-996e-45b9-87a0-651a848558a2	unclassified	0	0	0	0	1210	1
1b68f4fa-f14d-43e0-b63a-bf614c28e9c4	unclassified	0	0	0	0	1566	1
30f5caeb-38fa-497a-83dc-669cd1fe8dbc	unclassified	0	0	0	0	1419	1
bedfe491-2a32-4920-a8e5-825616bff12a	family	3469	361	361	34	1497	2
bedfe491-2a32-4920-a8e5-825616bff12a	genus	14377	361	361	34	1497	2
146c0bef-1995-45fc-8917-a85097872cf7	unclassified	0	0	0	0	1384	1
fb273997-b7d8-48b4-919c-03f3d0c774a6	family	26981	100	100	25	1438	2
fb273997-b7d8-48b4-919c-03f3d0c774a6	order	27008	100	100	25	1438	2
bd13901c-3def-47c4-bbc0-cec3641a1c11	unclassified	0	0	0	0	1535	1
88d76726-be78-483e-acca-5ab36d35a936	unclassified	0	0	0	0	1364	1
cc78475e-a428-4b91-b923-0bd803faae6f	unclassified	0	0	0	0	1499	1
566288b5-ce69-4863-af5d-d6e1b35cdd7c	unclassified	0	0	0	0	1133	1
9286dbe0-afdc-4b7b-b896-248ca0f1b6d5	unclassified	0	0	0	0	1252	1
beb94139-a4c8-4b83-8c65-d18cacfeae93	unclassified	0	0	0	0	2223	1
1caaad14-fe43-4a78-a461-a62889a99706	unclassified	0	0	0	0	1466	1
27ec2c54-db45-4e18-91f8-6449f0b0a7f4	unclassified	0	0	0	0	1561	1
5e445605-8fbc-4423-848d-40f41a2b6568	unclassified	0	0	0	0	1170	1
61e7842f-37ac-4a23-a74e-15636bc7c488	unclassified	0	0	0	0	1395	1
1d15cfd3-b957-4048-8f53-6a59fe920b33	unclassified	0	0	0	0	1189	1
0f56f4d9-561e-4a15-8898-c46d667f3294	unclassified	0	0	0	0	2669	1
494ed8cc-38f3-4246-b848-1c13aa7315de	unclassified	0	0	0	0	1188	1
ca7d47a6-2a4e-454f-8e5b-b6024bdc912c	unclassified	0	0	0	0	2229	1
08d3130d-1f3c-476f-b011-1a07b9f4cab3	unclassified	0	0	0	0	1859	1
d0a8d479-eb91-432c-936e-cb28bf5e425a	unclassified	0	0	0	0	1456	1
a5211f55-9113-40c9-b69e-6b403e015044	family	3469	64	0	23	1458	1
4dc0f5d2-0438-4382-bca5-99fcc4498984	unclassified	0	0	0	0	2411	1
ac4cc273-dec8-447f-8abe-3d86d2d79ccf	unclassified	0	0	0	0	1616	1
9136eb4a-cf20-4591-be91-347513a11d9a	unclassified	0	0	0	0	1130	1
f250cafe-0f02-4225-836a-66bdc82eeab3	unclassified	0	0	0	0	2744	1
75e99bd7-9a07-4b3e-a19b-1e731ca09508	unclassified	0	0	0	0	1142	1
90b06318-8463-4657-8d81-939dfc95a33b	unclassified	0	0	0	0	6586	1
23a11c19-2c4d-43e1-af7e-d4266acc2f93	unclassified	0	0	0	0	1623	1
24777cb6-1384-4d32-8361-de887cf9d0ce	unclassified	0	0	0	0	2214	1
f2fbf804-a1df-4df0-9349-a5f250743103	unclassified	0	0	0	0	1027	1
2f04cb05-3c14-4d9a-852e-497c2eec985f	unclassified	0	0	0	0	1417	1
fc912758-25a2-4005-a428-e7f85fd81e60	unclassified	0	0	0	0	1491	1
0049ed91-1974-4eba-8e0c-16730b866257	unclassified	0	0	0	0	1146	1
232e7213-0cef-4c9f-87fd-8c3e14b78bd7	unclassified	0	0	0	0	3285	1
47fae412-a3f6-4656-99c0-cffc87a90812	unclassified	0	0	0	0	1564	1
5f3a2d0b-dcff-4fe6-930a-a2fe2f5c3462	unclassified	0	0	0	0	2962	1
1203dc35-d89f-40d6-b332-e12611572a37	unclassified	0	0	0	0	1706	1
414986f2-5cbe-4de7-b940-062d52351060	unclassified	0	0	0	0	2720	1
682669ab-ae94-491b-bcf5-328975bf25bb	unclassified	0	0	0	0	1497	1
5d79c983-fa7f-4bb9-819f-0dacf71eed3b	unclassified	0	0	0	0	1140	1
18615ef8-a5ef-4b12-8a7a-9507b4dfdc70	unclassified	0	0	0	0	1142	1
4edacd10-688b-45db-afd6-6c19f6a7c4c3	unclassified	0	0	0	0	1416	1
04934f2c-4db2-4cc4-b7e9-58be47f7e38c	family	26981	81	81	24	1418	2
04934f2c-4db2-4cc4-b7e9-58be47f7e38c	order	27008	81	81	24	1418	2
c60f6986-6630-4737-804e-728bd317b9d2	family	26981	100	100	25	1189	2
c60f6986-6630-4737-804e-728bd317b9d2	order	27008	100	100	25	1189	2
b4af9f1f-cb6a-42a6-ab3d-adf11ca4851c	unclassified	0	0	0	0	1414	1
7b386bb4-9dae-401e-9291-e9ae95f1a87c	KJ176843.1.1418	26411	121	121	26	1474	3
7b386bb4-9dae-401e-9291-e9ae95f1a87c	FM873063.1.1481	26391	121	121	26	1474	3
7b386bb4-9dae-401e-9291-e9ae95f1a87c	JQ824421.1.1436	26414	121	121	26	1474	3
b2c8705c-a8e2-4acd-9049-ccfaa482254f	unclassified	0	0	0	0	2662	1
6c6fa1a4-f718-4d1a-8539-87bccdf72307	unclassified	0	0	0	0	1755	1
4bd67b8f-db04-41d0-91c6-d103bc79492e	unclassified	0	0	0	0	1547	1
879ef6af-86e5-498d-9485-ad0c6969c920	unclassified	0	0	0	0	1389	1
3b640857-7eea-4ba6-8c3b-54aac788136a	unclassified	0	0	0	0	1664	1
8a76ca38-177d-4a83-9442-4c73bce2a09a	unclassified	0	0	0	0	1854	1
acc5e0d8-43b3-4581-a416-a85781200bab	unclassified	0	0	0	0	1499	1
6678d4d2-5c74-495a-ba7a-994fd2d0898d	unclassified	0	0	0	0	1541	1
261c1d49-cef9-4628-b639-19d782317390	unclassified	0	0	0	0	1991	1
271bd541-c9a5-417e-ae6d-2b9d974230be	unclassified	0	0	0	0	4238	1
4ef69818-e948-4dff-812b-56470211823e	unclassified	0	0	0	0	1226	1
b5004ad9-8303-4c48-8633-1587347ef1be	unclassified	0	0	0	0	2301	1
f20d7bf0-ee86-4646-aa8d-2ffdbfbb7c2a	unclassified	0	0	0	0	1524	1
77a3512a-0881-4538-8df6-98cf97483021	unclassified	0	0	0	0	1576	1
949563e7-f40f-4f8c-964f-7a58d720b289	unclassified	0	0	0	0	1295	1
937a8dac-9ac1-488d-a4b4-e5bd932feb06	unclassified	0	0	0	0	1558	1
1b7b8868-6ce0-4ae9-8231-9df97be445e2	unclassified	0	0	0	0	3622	1
04c310c5-30c7-4f9e-90f0-2797a2fa89c1	unclassified	0	0	0	0	1846	1
02e80107-67e0-419f-b70e-c0aad5cec196	unclassified	0	0	0	0	1473	1
ebd706a5-cc2b-4134-a594-450cf51fec78	unclassified	0	0	0	0	2648	1
531a4b1d-7d77-494e-8983-6046eed8e66e	unclassified	0	0	0	0	2157	1
9a8f414f-0bbf-4277-9762-95a8fdc5d2a0	HM856492.1.1436	494	64	64	23	1494	2
9a8f414f-0bbf-4277-9762-95a8fdc5d2a0	FJ203282.1.1440	24493	64	64	23	1494	2
d5b6dc25-61e0-42bd-b8a9-dde2efe776a3	unclassified	0	0	0	0	4340	1
66bd46d1-1f2b-4dd0-ac90-05a2c8bcd000	unclassified	0	0	0	0	1380	1
ed3faadb-b6a7-4f77-b78b-8903beb9f76d	unclassified	0	0	0	0	1532	1
fbaab0ef-6233-4d44-9605-a18624a82af5	unclassified	0	0	0	0	1356	1
84da5dd9-fc81-4d0d-bb73-a51732a3ee33	unclassified	0	0	0	0	1313	1
c38133d4-21bc-4187-8e5d-ce176878a8db	unclassified	0	0	0	0	3254	1
44fee685-4338-45e0-955f-12d079484ce7	unclassified	0	0	0	0	1833	1
31a7b38d-0397-4cec-a74f-8b0cf2ad477f	unclassified	0	0	0	0	3638	1
1e0861bf-f0a6-4de4-8ccb-f7aa1098675a	unclassified	0	0	0	0	1308	1
34287433-f03e-440f-8edb-aa0a36968d6e	family	24980	169	169	28	1459	5
34287433-f03e-440f-8edb-aa0a36968d6e	JQ216461.1.1354	0	169	169	28	1459	5
34287433-f03e-440f-8edb-aa0a36968d6e	family	25020	169	169	28	1459	5
34287433-f03e-440f-8edb-aa0a36968d6e	HQ178922.1.1442	0	169	169	28	1459	5
34287433-f03e-440f-8edb-aa0a36968d6e	genus	1853	169	169	28	1459	5
2cbfb020-9dae-4533-baef-d063df449ebe	unclassified	0	0	0	0	1428	1
d3bbbbab-3974-4606-b2e2-4aaae31c4bd5	unclassified	0	0	0	0	2352	1
33c893d9-aad3-496a-bfe2-591c63c7018d	unclassified	0	0	0	0	2879	1
c22e29d7-a928-4fa2-a5c7-ffe2632ff9d5	unclassified	0	0	0	0	1175	1
ddbd4048-71e2-4b4d-889b-6587f73a7f70	unclassified	0	0	0	0	1031	1
1830531c-bbd8-42bf-81c7-9d95f1351fb2	unclassified	0	0	0	0	1671	1
5eb859bb-280d-49cf-b3f0-c0da23f91e57	unclassified	0	0	0	0	1232	1
95362441-279f-47da-ab8b-d71ddb2d68b5	unclassified	0	0	0	0	1405	1
b7d3fe51-dd9b-458c-a8aa-1a8d6d2c4b58	unclassified	0	0	0	0	3950	1
0c1b10cd-b6dd-4b4c-b6bd-ee47aac83d4f	unclassified	0	0	0	0	1595	1
012dc0ee-8ac1-4adb-b0c7-a794d177a270	unclassified	0	0	0	0	1251	1
0de79525-f56e-4fdd-9093-66418625f7c3	unclassified	0	0	0	0	1443	1
ab00ad78-ff33-4cf4-bf39-4d98f351f1ea	unclassified	0	0	0	0	1861	1
38d24edf-1faa-4074-accb-1d5a27e37c34	unclassified	0	0	0	0	1453	1
265378c9-bea0-4909-96d2-8e1521ff45b7	unclassified	0	0	0	0	1636	1
37204c9c-eeaf-46dd-ba15-0615733ce24d	unclassified	0	0	0	0	1237	1
6d04b31e-ee4f-4421-80bd-121df00a09b5	unclassified	0	0	0	0	1119	1
65465c92-4aa0-4258-a8fc-305c2d9d9285	unclassified	0	0	0	0	2181	1
d35fb542-fdec-4ee0-93fd-54e12466b9cc	unclassified	0	0	0	0	1375	1
807ff4a8-831c-4e21-aa10-c2146a03b046	unclassified	0	0	0	0	2678	1
d52f3ef5-7112-4f71-ad24-06eae531d440	unclassified	0	0	0	0	1561	1
aa27d4cd-7795-4575-8c43-2036dde60f4f	unclassified	0	0	0	0	4051	1
e1d817e7-ebe3-4da8-96d1-001dbda6f41d	unclassified	0	0	0	0	1825	1
c9280040-1861-44b5-aa14-7e786c608c8e	unclassified	0	0	0	0	1601	1
a134de46-9392-4ea2-9dad-b0020f2baec4	unclassified	0	0	0	0	1722	1
a31d333c-a3e1-4ef8-9e30-0556185f49f1	superkingdom	3	64	0	23	1575	1
5ce03835-14aa-4f1b-9056-38de5a742bfa	unclassified	0	0	0	0	1227	1
77530f57-4e2f-4650-94e1-055ceae6fcc2	unclassified	0	0	0	0	2433	1
6cfb50ac-d808-4a94-9260-9377cdeeadd9	unclassified	0	0	0	0	2045	1
f946abbe-c694-4b55-84db-d46831d58307	unclassified	0	0	0	0	1533	1
cd9e4ea3-1356-4c7d-8b28-95b611ece539	unclassified	0	0	0	0	1504	1
ce8e6a1d-e42e-427d-a69a-af0b71287bc5	unclassified	0	0	0	0	1444	1
3f0f0a95-3cd3-4140-9be5-5b65fe570e1e	unclassified	0	0	0	0	1453	1
bc23ca69-84c6-4a41-97e3-a42ff9854142	unclassified	0	0	0	0	1479	1
cbf9043b-cbdc-4a1c-ba03-c3cc84634d1f	unclassified	0	0	0	0	5958	1
05a153d4-51ef-4ca3-af82-eb9a0dc4391c	unclassified	0	0	0	0	2125	1
a9bf4b92-48f2-4372-a281-24bfe68b5a8b	unclassified	0	0	0	0	1927	1
04674bd1-a3ed-41fa-98ea-ea4820f2b9fa	unclassified	0	0	0	0	1444	1
06fe648e-35e6-466f-b7b4-20795ae06c4b	unclassified	0	0	0	0	2633	1
3ee2204e-8d3b-418f-aed5-d9d75441b484	unclassified	0	0	0	0	4221	1
f0fcb1d7-32ef-4e44-8bc2-0503218467a4	unclassified	0	0	0	0	1912	1
561db611-23ef-4fc4-9c50-917e2ddfa18e	unclassified	0	0	0	0	1289	1
836189a2-93b6-4b68-8824-3dcb4b2230a7	unclassified	0	0	0	0	2186	1
01b0f829-8901-46bf-adb2-3418d1800fc2	HM565024.1.1482	710	169	0	28	1521	1
eb16ef5e-099b-4d51-a5a0-84315d8425f4	JN454428.1.1419	25725	64	64	23	1444	5
eb16ef5e-099b-4d51-a5a0-84315d8425f4	JN481945.1.1363	25725	64	64	23	1444	5
eb16ef5e-099b-4d51-a5a0-84315d8425f4	JN453907.1.1366	25725	64	64	23	1444	5
eb16ef5e-099b-4d51-a5a0-84315d8425f4	EU245649.1.1507	25725	64	64	23	1444	5
eb16ef5e-099b-4d51-a5a0-84315d8425f4	JN486350.1.1434	25725	64	64	23	1444	5
707814ae-b0be-40a9-ad8f-7074a70bb0a3	unclassified	0	0	0	0	1513	1
3fb02567-5b54-4b84-948d-b8dd28141b0e	JF168265.1.1348	24485	81	81	24	1504	5
3fb02567-5b54-4b84-948d-b8dd28141b0e	LN568622.1.1368	25029	81	81	24	1504	5
3fb02567-5b54-4b84-948d-b8dd28141b0e	EU431801.1.1480	25035	81	81	24	1504	5
3fb02567-5b54-4b84-948d-b8dd28141b0e	FJ793180.1.1496	25011	81	81	24	1504	5
3fb02567-5b54-4b84-948d-b8dd28141b0e	GU303706.1.1502	24610	81	81	24	1504	5
ee15ccda-5a67-499f-8d74-42d8d8b1a697	unclassified	0	0	0	0	1581	1
49d6a340-867c-4330-90b4-8d643507f198	unclassified	0	0	0	0	1350	1
98af4d3c-50d3-4551-8a3f-982e4a7acb4a	unclassified	0	0	0	0	1444	1
be05a3a4-6dd5-4baa-84df-c163789b730b	unclassified	0	0	0	0	1382	1
81774028-9582-420e-8f16-cce5ece037c2	DQ869036.1.1425	26354	81	81	24	1476	2
81774028-9582-420e-8f16-cce5ece037c2	HQ808347.1.1440	11355	81	81	24	1476	2
d7e03d7d-d79d-46ac-90fc-e33d49a71baa	unclassified	0	0	0	0	1181	1
2a5adbcb-a870-4ade-adc0-268c47ef1a8e	unclassified	0	0	0	0	1646	1
9f7c78f7-4937-4f58-8e19-3d1e8123336d	unclassified	0	0	0	0	1183	1
d17e1220-a11b-436f-a85f-cf1fa9bdd0a2	unclassified	0	0	0	0	1321	1
8d7d2845-7768-4f8a-bbca-753d7297687d	unclassified	0	0	0	0	1565	1
b488fb75-b6ea-4e45-bda6-e5c2057d3709	unclassified	0	0	0	0	1959	1
11a5464c-4c8c-4b73-b8b6-5ab5ad87a3fc	unclassified	0	0	0	0	1512	1
2e9a47f6-69c7-4781-a3ea-7ba1c2b107e9	unclassified	0	0	0	0	2038	1
3eb60995-4864-4e7a-b10b-17a2944b5de8	unclassified	0	0	0	0	2908	1
6c991d42-bd42-4793-bacf-18c289dbd2e1	unclassified	0	0	0	0	1820	1
df665487-5880-4b3a-9383-e5677527c9ef	HQ739384.1.1455	3504	100	0	25	1455	1
f607b841-a6ef-425e-97e7-fa8e8e97ee1f	unclassified	0	0	0	0	2217	1
cb64a3d2-ea8c-482f-960e-ca1e29c8d941	unclassified	0	0	0	0	1270	1
56e2c5b9-56e4-40cd-a4c7-253932967236	unclassified	0	0	0	0	1417	1
9ef13e48-6cdb-4c10-a902-a2cdcbcc2275	unclassified	0	0	0	0	1516	1
380a5d6b-cec1-4e70-a206-511aa6a85c71	unclassified	0	0	0	0	1269	1
f36a9a85-3560-426c-b116-3b35596a3aac	unclassified	0	0	0	0	1583	1
def62c29-8c73-4b0c-b87a-e9824cd8fed6	unclassified	0	0	0	0	1342	1
a46be653-2178-46fe-b006-9ba3c3e5168f	unclassified	0	0	0	0	1984	1
dfbe4eaf-1845-4e67-b717-b3754f20fb3d	unclassified	0	0	0	0	1613	1
bbf46928-61da-48c1-9e42-c2fe4f626e1e	unclassified	0	0	0	0	1471	1
56f013d1-c73d-4156-af47-25855b9b73df	unclassified	0	0	0	0	1494	1
dc26a65d-4713-4273-9179-a702b331501f	unclassified	0	0	0	0	1923	1
a5b10dd8-eba2-419a-b808-174d73a6f0a7	unclassified	0	0	0	0	1460	1
c0bb1082-ea85-4e52-8e97-186359f98ca8	unclassified	0	0	0	0	2474	1
494e6a7c-e531-415b-86fd-8072816d729a	unclassified	0	0	0	0	1675	1
b81f2826-15ce-4a72-8102-f816d5eeae1e	unclassified	0	0	0	0	1540	1
37b1e08f-a4f8-4899-9eab-6a38a31a18fb	unclassified	0	0	0	0	3767	1
4b908731-bd23-4b09-b090-d292a5facb6c	unclassified	0	0	0	0	1479	1
1b8be9bb-dd25-4c0d-90d0-b569d001365d	unclassified	0	0	0	0	1066	1
2af58f64-0d76-489f-a6e4-b2aa724b1dcc	unclassified	0	0	0	0	1791	1
04456951-0ac7-47ea-8d05-61bb1ba59859	unclassified	0	0	0	0	1993	1
39263819-9e2d-419b-9a68-fb7562b09875	unclassified	0	0	0	0	1508	1
e061e89c-f69d-4b3e-ae92-7ed152ac0ebf	unclassified	0	0	0	0	1896	1
051598a5-d65d-4df6-a5f9-bcc9339b9652	unclassified	0	0	0	0	3348	1
3d280e65-0f31-4cc4-8453-3a4837974082	unclassified	0	0	0	0	1699	1
2c467b0d-7b5b-4882-8573-45d7f309303b	unclassified	0	0	0	0	1161	1
f3a0513d-4ad9-4d92-b576-adde4b2e04b9	unclassified	0	0	0	0	1490	1
997b718e-2bfd-4280-a432-ea611739dd6d	unclassified	0	0	0	0	2739	1
fc33950e-7e8a-4974-97b2-285032c97192	order	26287	64	64	23	1234	3
fc33950e-7e8a-4974-97b2-285032c97192	GQ133151.1.1378	0	64	64	23	1234	3
fc33950e-7e8a-4974-97b2-285032c97192	family	3754	64	64	23	1234	3
0d02603e-62e8-493a-9dc0-25597d7c85b2	unclassified	0	0	0	0	1495	1
d5ad28c0-4ee0-4e26-a09d-0c725270bbf4	unclassified	0	0	0	0	7775	1
46657af6-7740-43f7-b5c7-b4dbdf87d0c4	family	26981	64	64	23	1459	2
46657af6-7740-43f7-b5c7-b4dbdf87d0c4	order	27008	64	64	23	1459	2
04aa5662-60a6-4351-9cf3-a4fccf2a1004	unclassified	0	0	0	0	3075	1
26f75245-60bf-4839-823e-8c9cb19ee660	unclassified	0	0	0	0	1595	1
ad4f8a9d-a85d-4363-aad5-4cd29696269c	unclassified	0	0	0	0	3667	1
c53a6fc8-5ecc-4a73-a5d5-35b5df5dc6de	unclassified	0	0	0	0	2681	1
a11e69e0-c766-4357-b818-ec38415fba50	unclassified	0	0	0	0	1471	1
bfa16993-7484-4782-b2f2-6bbbe03536cf	unclassified	0	0	0	0	3118	1
513411cd-c014-4a1b-a1b9-b8ff498bc921	unclassified	0	0	0	0	2362	1
3d89e964-483d-4697-8e50-046f083350ac	unclassified	0	0	0	0	1476	1
352bd62e-95f6-44cb-805f-0ba98f72d30d	unclassified	0	0	0	0	1043	1
ee1575ab-cbbb-4763-88b6-132be008b21a	unclassified	0	0	0	0	1878	1
74b42041-da06-41f8-ab4a-fc7aaa9c3016	unclassified	0	0	0	0	1947	1
bbecf483-37a3-4687-99c1-dc0247e8d983	unclassified	0	0	0	0	1976	1
df464621-2e33-4895-a88c-c3d9b751a0b6	unclassified	0	0	0	0	1863	1
1151717a-a1ab-4dcf-8a9e-33fc98362149	unclassified	0	0	0	0	1536	1
300f486a-0b2d-4504-a904-f8048b014343	unclassified	0	0	0	0	1293	1
0e8e73a1-d319-4ce8-a946-38aef04d2431	unclassified	0	0	0	0	1643	1
202d654d-66ed-4403-96df-d7d4ab090b79	unclassified	0	0	0	0	2037	1
aea435af-8f1a-44e9-a569-af8ac6d08232	unclassified	0	0	0	0	3321	1
37ea5114-5c72-4321-8bec-9f697a73ff77	unclassified	0	0	0	0	2385	1
9516f7c3-4be1-484b-9be1-f0526475e955	unclassified	0	0	0	0	1609	1
3af9f181-181d-46ec-b551-f46b7ac089c1	unclassified	0	0	0	0	1988	1
3f358a9d-a227-43b8-a3f1-4e3ba3914224	unclassified	0	0	0	0	1219	1
b985c8c7-0f86-4acc-8690-0b2a86652a5e	unclassified	0	0	0	0	1246	1
40ce41bc-09a6-4f71-989e-e24b3c0c349c	unclassified	0	0	0	0	2766	1
8efcd971-aa06-43c3-8e05-5804d115bd4d	unclassified	0	0	0	0	1427	1
66cd7c2f-2e1b-42a9-81c1-d5612e1ea6b6	unclassified	0	0	0	0	1251	1
da94f7e5-dbb5-47ce-a094-2868580eba9a	unclassified	0	0	0	0	1412	1
32dfc172-c3ca-4da5-ace7-aabb60842033	unclassified	0	0	0	0	1517	1
c4085664-a824-434d-8e05-731413f448f1	unclassified	0	0	0	0	1202	1
50306cb9-1f57-4d55-8685-28794bf5fca2	unclassified	0	0	0	0	3251	1
eb47ce23-207c-4c02-b365-512bc18e4f00	unclassified	0	0	0	0	1486	1
4b6b3761-79e3-4738-920b-f9bb71936c3c	unclassified	0	0	0	0	1421	1
7beb9225-5e72-457b-90f5-25e96d3fafac	unclassified	0	0	0	0	1538	1
67e4c96d-fcb7-4b58-8ace-5aae5a76c9d8	unclassified	0	0	0	0	1420	1
066ab3d9-7709-4cfe-a400-5bf6c1a96064	unclassified	0	0	0	0	1487	1
97b875da-f285-46ae-bce5-4731cd619144	unclassified	0	0	0	0	1952	1
af054a8d-5dc2-4985-8fa1-9f4b282cc238	unclassified	0	0	0	0	1492	1
9a0905ce-d185-470d-9573-42c2a6da8f07	unclassified	0	0	0	0	1465	1
ecf6789b-86ee-447c-9244-ac38d59ae157	unclassified	0	0	0	0	1278	1
8072de83-3f65-4cca-b4c4-aed93389b245	unclassified	0	0	0	0	2330	1
9a5bf807-995a-48f3-aedb-d899e002c3fd	LT558809.1.2930	1688	64	0	23	1451	1
876fa259-818c-4802-b244-3b5a2733da4c	unclassified	0	0	0	0	1478	1
2ad4cc4f-4281-471d-a614-e2d72805a118	unclassified	0	0	0	0	1521	1
54b009a0-00b9-4d2d-95d1-8047b2b3345e	family	3469	361	0	34	1353	1
e983a1fb-4a8e-405b-a79a-72b84e326ea0	unclassified	0	0	0	0	3537	1
dd93dd29-2341-47af-8649-963a4526c3cd	unclassified	0	0	0	0	2776	1
64388b43-226a-459d-9c64-f87f89bb4074	MKYQ01000856.22831.24291	25228	100	100	25	1441	3
64388b43-226a-459d-9c64-f87f89bb4074	FJ230827.1.1488	25461	100	100	25	1441	3
64388b43-226a-459d-9c64-f87f89bb4074	JF207558.1.1333	2216	100	100	25	1441	3
2754ab54-9d8c-4165-b1ba-1cd61b639ece	unclassified	0	0	0	0	1999	1
76279efe-8043-4730-858b-f83b37c87534	unclassified	0	0	0	0	2316	1
9ecaeda6-033e-4367-ba84-576b7b49d70e	unclassified	0	0	0	0	2328	1
e7953511-40b6-47bf-83d7-80d4d4fe8378	unclassified	0	0	0	0	1293	1
8902cebc-50b2-49d6-af91-66a31a7bd5f3	unclassified	0	0	0	0	1437	1
c4e86d6d-8d47-4126-a199-f057da5360e2	unclassified	0	0	0	0	1557	1
aea3b5da-9eca-4e43-8bc7-60c6fec6fce3	unclassified	0	0	0	0	1463	1
f010ffc7-5a80-43ab-953f-f87c1a512f60	unclassified	0	0	0	0	1429	1
