readID	seqID	taxID	score	2ndBestScore	hitLength	queryLength	numMatches
f92ddd1e-95a2-4e79-9318-3c2d68ba4b89	unclassified	0	0	0	0	1446	1
3ae7e8af-9b0e-4f20-ab2a-c4f00c407b9b	unclassified	0	0	0	0	1518	1
3ebeb4d2-0c91-45f3-811c-fd9882a9eed4	unclassified	0	0	0	0	1062	1
d2952c68-585b-4210-b98a-c822b6b7cf9c	unclassified	0	0	0	0	1013	1
927f3ee3-136b-4623-8d2b-899c87e34528	unclassified	0	0	0	0	1091	1
a708a6c0-4999-40b7-a5cb-c5770a2c6692	unclassified	0	0	0	0	1420	1
698488c8-f40e-41c5-993e-5231ae85a89a	unclassified	0	0	0	0	1672	1
65f95043-0659-437e-b357-daed81520322	unclassified	0	0	0	0	2747	1
8769812a-2812-41b2-9e66-81215d49a075	unclassified	0	0	0	0	2207	1
8f1d1adc-34b4-4211-ab26-33f1e9220064	unclassified	0	0	0	0	3424	1
5113d5b6-99d1-4558-9fcf-84ca8c69b7e7	unclassified	0	0	0	0	1828	1
ba350386-e862-4b4d-95f7-a34035f6b2dd	unclassified	0	0	0	0	1964	1
08eaa7f2-da5f-4725-a56e-8a1aecfe71a3	unclassified	0	0	0	0	1516	1
ce91eead-d73a-47d6-ab91-f7e334846f27	unclassified	0	0	0	0	3995	1
0cd94a66-cab1-4dc8-921f-abac2ebcef9e	unclassified	0	0	0	0	1203	1
b9eba160-df39-4b07-98bf-849381f9b4fb	unclassified	0	0	0	0	1924	1
b809ad45-8c99-4f41-a28d-ce3b084d5182	unclassified	0	0	0	0	1386	1
66feb7cb-fd74-42c3-95e7-7b4b352214ed	unclassified	0	0	0	0	2991	1
caa3197e-fc6b-4b31-a345-e764f950d330	unclassified	0	0	0	0	1249	1
29817bbb-91ac-41f2-8938-4a8fbeed5b4a	unclassified	0	0	0	0	1348	1
8e6ba217-399a-40ee-986c-e1656c86e38e	unclassified	0	0	0	0	4288	1
c834a765-1472-4246-be9d-a394b1575747	unclassified	0	0	0	0	1352	1
ed2ee479-0991-4adf-8961-07fa7d19bf75	unclassified	0	0	0	0	1452	1
0289b33d-e1d6-4676-ac7c-5e7b09945b36	unclassified	0	0	0	0	3684	1
aa455e04-e9a1-4195-8110-a1ba1e6fc940	unclassified	0	0	0	0	1478	1
882b4f05-0f52-463e-8df7-e309c2199031	unclassified	0	0	0	0	2422	1
38bb0225-f26b-4e51-a6ab-d25f9ddd75c3	unclassified	0	0	0	0	2461	1
be55cb13-30b7-486f-a567-d0479bfc1196	unclassified	0	0	0	0	1371	1
6e5927b2-edd8-4355-96ec-57d04ff27ac6	unclassified	0	0	0	0	2088	1
7cf2fe31-f4d4-4c35-b245-308ba1dab6b7	unclassified	0	0	0	0	2036	1
52bc1858-bbe0-4ad0-b676-8d23ce0a5bff	unclassified	0	0	0	0	1429	1
adce71ed-cea6-45d0-bfab-546b4a2f2a13	unclassified	0	0	0	0	3407	1
3234fa10-18c8-46c8-b318-43ebdd26c242	unclassified	0	0	0	0	1470	1
c2791522-6022-40c1-8854-ac5cd498b383	HQ739384.1.1455	3504	81	0	24	1242	1
9eff771e-bfed-4d2c-9242-7cc4a2161a89	GQ994780.1.1473	0	144	144	27	1481	5
9eff771e-bfed-4d2c-9242-7cc4a2161a89	order	913	144	144	27	1481	5
9eff771e-bfed-4d2c-9242-7cc4a2161a89	order	25002	144	144	27	1481	5
9eff771e-bfed-4d2c-9242-7cc4a2161a89	family	3710	144	144	27	1481	5
9eff771e-bfed-4d2c-9242-7cc4a2161a89	family	1836	144	144	27	1481	5
51c247f6-8055-49a0-8154-a6cf086ba051	unclassified	0	0	0	0	1480	1
c4db933b-1fc6-41cd-bad4-705d48862ece	unclassified	0	0	0	0	2458	1
3efc5746-1b07-49a4-aed4-a7db8c4c82fb	family	26981	81	81	24	1444	2
3efc5746-1b07-49a4-aed4-a7db8c4c82fb	order	27008	81	81	24	1444	2
adf31095-c7ff-4589-b757-da7f08b3539c	unclassified	0	0	0	0	1788	1
75042ee1-dd59-4f07-8632-78cda58eebce	unclassified	0	0	0	0	1483	1
ecaa5625-95dd-4a25-8ab8-a49b150d61f9	unclassified	0	0	0	0	3739	1
55a561b5-2745-47f8-9a6b-5176f0ec550a	unclassified	0	0	0	0	3464	1
ce239500-e654-48b4-aeb2-e94631093709	unclassified	0	0	0	0	1038	1
51c5d3da-3f9a-4cdf-b275-4d5a8633dd5e	unclassified	0	0	0	0	1044	1
b07b417c-e29e-45ce-9ee1-8858d145c8b2	unclassified	0	0	0	0	2448	1
44383be1-ad39-41c5-8774-2d0303afc295	unclassified	0	0	0	0	1452	1
7da4d7c2-67d4-4cd8-9950-67a0429da5d2	unclassified	0	0	0	0	2300	1
e79e75df-6ee1-416a-98f9-f989c60a47ed	unclassified	0	0	0	0	1399	1
3d32ef71-0f67-464e-bf51-10cc848513b3	unclassified	0	0	0	0	4493	1
28f52181-0eb0-419b-88f0-e3666cd230dc	unclassified	0	0	0	0	1454	1
69d3aef8-b75e-4327-a1cc-882a13799953	unclassified	0	0	0	0	1676	1
cc3e5cc3-33bc-4bca-875b-f85ca53d310d	unclassified	0	0	0	0	1512	1
4a8328a8-f792-4273-95ff-c4c8aeb34549	unclassified	0	0	0	0	1802	1
c6cf4ce5-5bc5-4b0c-a78a-4832e71b841d	unclassified	0	0	0	0	2079	1
e7930c9f-eaaa-49b9-bebf-12c40eae8c67	unclassified	0	0	0	0	2264	1
3b2eec36-c25e-4d70-be6a-d3f756270891	unclassified	0	0	0	0	4523	1
1c77fc88-a202-46b9-a3e6-46f0f2741db1	unclassified	0	0	0	0	1373	1
6975b6f4-ea2e-4750-9303-acbdcd5a30f7	unclassified	0	0	0	0	1780	1
c947ce15-8c76-44a5-8fff-aaa4fe3b2fd2	unclassified	0	0	0	0	1276	1
20415bbf-c475-43ec-b8bd-bbd79e0641aa	unclassified	0	0	0	0	3792	1
0c06a44a-73d3-4a88-a76f-39a097429ea0	unclassified	0	0	0	0	1871	1
a5038cdd-52f0-4677-981b-d6525677a173	unclassified	0	0	0	0	1057	1
6fda3185-849d-42c1-9e5b-0cac8386be43	unclassified	0	0	0	0	2615	1
88e18e9c-6f1b-4c87-9859-ab65331f40e8	unclassified	0	0	0	0	1503	1
f601b101-d421-4579-ad99-f0bbc6b68230	EU454242.1.1420	24634	121	121	26	1489	4
f601b101-d421-4579-ad99-f0bbc6b68230	JQ462503.1.1401	963	121	121	26	1489	4
f601b101-d421-4579-ad99-f0bbc6b68230	EU451724.1.1403	968	121	121	26	1489	4
f601b101-d421-4579-ad99-f0bbc6b68230	KC119152.1.1458	25032	121	121	26	1489	4
a1e15a37-7ccc-4dfb-932c-da1567b9eb67	unclassified	0	0	0	0	1786	1
6ccc1d7f-e691-468d-bcb6-a23b6bd853fe	unclassified	0	0	0	0	1515	1
d9b37e06-946d-4c7d-8ffe-2783c7893713	unclassified	0	0	0	0	2045	1
6c82fd8b-f81f-4518-9211-177d3f049ae9	unclassified	0	0	0	0	1043	1
505cab1b-40ca-423f-90e0-b9d00d859cda	unclassified	0	0	0	0	1225	1
d8d7c138-5ffc-4279-80d6-ce1349662b2b	unclassified	0	0	0	0	1531	1
b39417be-92f0-4f51-8d09-2680b90ac21a	unclassified	0	0	0	0	5004	1
3d8581fd-d41b-4c8a-8142-80237362e820	unclassified	0	0	0	0	1648	1
48bc6bbc-3887-413b-a8d7-13b8439c0b0f	unclassified	0	0	0	0	1381	1
e8612740-f93c-49e2-8167-b434ed36847f	unclassified	0	0	0	0	1233	1
cf0c8eeb-0a0a-4dac-90ca-9e715cd67565	unclassified	0	0	0	0	1545	1
6e1e5ea0-0f45-4478-936f-49d36dffaef4	unclassified	0	0	0	0	1475	1
f0a02b54-63fe-470d-8b63-73778cf2070b	unclassified	0	0	0	0	1071	1
ff127e76-e051-429c-a461-7bbef8fef51a	unclassified	0	0	0	0	3002	1
927db47f-4a68-4a17-87bc-dcbbc3309883	unclassified	0	0	0	0	1113	1
0362f6f4-23d4-4d5f-95fa-0d40cf200e92	unclassified	0	0	0	0	1078	1
ab2c856e-4d5a-4f37-8afe-2878baa4ddef	unclassified	0	0	0	0	1436	1
27d27b1e-b94b-4181-823f-c4c23eb8b75f	unclassified	0	0	0	0	1205	1
7efa33c9-0860-4f62-8d9e-1d2445475710	unclassified	0	0	0	0	1477	1
aac610d7-4be4-4c78-ab0b-a3ca6cfffd20	unclassified	0	0	0	0	1026	1
4fb0a562-31b6-4197-b54c-e6674b2ae03e	unclassified	0	0	0	0	1321	1
9476f204-43c6-4480-a50a-58dc9951c45b	unclassified	0	0	0	0	1154	1
e780270a-7da9-40ce-bdd9-54e9b1e127e7	unclassified	0	0	0	0	1546	1
8096d5d0-05ed-4c72-a56b-cf16eb1373ec	unclassified	0	0	0	0	1744	1
2b1b6e60-7d8d-400d-b118-ddb2d7a08c31	unclassified	0	0	0	0	3972	1
57cb4b8d-bb28-4828-98a6-31cdc2561f8f	unclassified	0	0	0	0	5102	1
219e5de4-a1ef-43a4-b874-34f585170cde	unclassified	0	0	0	0	1379	1
2000d83f-d2b4-44c9-88df-d3c84574b540	unclassified	0	0	0	0	1047	1
14d612d7-64ff-42de-afc9-4957894292c8	unclassified	0	0	0	0	2063	1
13492601-3049-4882-8fb8-b6da805dd0fe	unclassified	0	0	0	0	1149	1
80a636e0-c042-4f62-ac10-5f3ab636032e	unclassified	0	0	0	0	1513	1
50e4a12c-1a39-4135-b52a-c09bfe3a5cf2	unclassified	0	0	0	0	1463	1
b2633cfc-1e12-440c-9a2f-1ae0a9e9e85b	unclassified	0	0	0	0	2869	1
113b0de0-12a4-4839-b153-be2926aaf469	unclassified	0	0	0	0	1405	1
73204a36-11d7-4c17-8d37-fb03709c5683	unclassified	0	0	0	0	1641	1
6d32e874-7c21-48b7-8d1d-8b9efce221fd	unclassified	0	0	0	0	1143	1
0ef4b416-4864-4955-9f00-51e1d6e00c4e	unclassified	0	0	0	0	2698	1
46b38c13-df3d-4d8d-b694-d5fd8eb06919	unclassified	0	0	0	0	1505	1
77e9b96e-d310-4c14-9870-1d4241030199	unclassified	0	0	0	0	1105	1
f6cff279-a0ab-4b20-81c4-bf44fa700a64	unclassified	0	0	0	0	1418	1
c61ff4e9-afee-4aa7-bd42-da93225fe383	unclassified	0	0	0	0	1497	1
a1ebfd0a-262a-468d-8558-fda063818719	KU248139.1.1380	26386	64	64	23	1094	2
a1ebfd0a-262a-468d-8558-fda063818719	FR874242.1.1413	26459	64	64	23	1094	2
36c3744b-305c-4ab7-b80b-babc28b43e8b	unclassified	0	0	0	0	1446	1
cf69533c-0cf1-40fa-8753-8d0ffa0c7efb	unclassified	0	0	0	0	1169	1
0f7514cb-d6af-45f3-9495-5187909549ab	unclassified	0	0	0	0	1390	1
af43f050-51c4-4486-98f9-246091ac581c	unclassified	0	0	0	0	1382	1
681532dd-b3c6-4459-a4d0-45a9cff87829	unclassified	0	0	0	0	1130	1
4a531e39-9f4e-4ec4-a810-35056b0a97fe	order	27008	144	144	27	1484	2
4a531e39-9f4e-4ec4-a810-35056b0a97fe	family	26981	144	144	27	1484	2
f0fd3f9b-57db-4b24-a49d-0e4bdabe8fe7	LGSO01000254.324.1809	2805	225	225	30	1655	5
f0fd3f9b-57db-4b24-a49d-0e4bdabe8fe7	LGSL01000305.21993.23480	2805	225	225	30	1655	5
f0fd3f9b-57db-4b24-a49d-0e4bdabe8fe7	JYDQ01000581.2325.3711	13263	225	225	30	1655	5
f0fd3f9b-57db-4b24-a49d-0e4bdabe8fe7	AXCG01064552.24767.26138	25228	225	225	30	1655	5
f0fd3f9b-57db-4b24-a49d-0e4bdabe8fe7	LGTU01000266.3049.4535	2805	225	225	30	1655	5
3f797174-18b0-4b72-951b-c04e0950f2d6	unclassified	0	0	0	0	1713	1
f6bf8ea4-9b42-401f-888e-7bfa34677bbd	unclassified	0	0	0	0	1598	1
1ed73795-9bd4-4ed0-9f21-db97ed2bc24d	unclassified	0	0	0	0	1213	1
c22c2251-628c-48dd-9f6c-ad8e6679b243	unclassified	0	0	0	0	1250	1
1807fa47-6154-4641-80ea-0becf0084efd	unclassified	0	0	0	0	1471	1
b978081f-5e5a-4b6d-876c-1d2cea8182ce	unclassified	0	0	0	0	1069	1
ae1cea26-5f5f-4a4e-89c6-71063f7b2efc	unclassified	0	0	0	0	2576	1
8bd7cd18-9ea6-4ded-bda5-d912a227b1ec	unclassified	0	0	0	0	1027	1
d3399719-08bb-45c0-ae38-5d86b06a380d	unclassified	0	0	0	0	1029	1
8eff0f48-f05a-4d7e-b154-341b55141323	unclassified	0	0	0	0	2624	1
28320cf0-a8ee-4cfc-91ae-6ef65f73a746	unclassified	0	0	0	0	1353	1
40bfd090-fcbc-4142-9f05-06eeadaa452a	unclassified	0	0	0	0	1590	1
a0bf368d-0014-4508-8ddd-93b3cb0580cd	unclassified	0	0	0	0	1996	1
b7c4f33d-dc84-43bf-8125-a13dcb019a8e	unclassified	0	0	0	0	1621	1
8f93bd52-e020-4c8a-b52a-f3847b98d394	unclassified	0	0	0	0	1583	1
c46d64a1-691d-4d36-a24d-be47c48895bf	unclassified	0	0	0	0	1328	1
d5c432ff-ddd3-40a9-b2f0-cc248fbf9ed3	unclassified	0	0	0	0	1940	1
c3cac7df-d3b4-40cb-b805-ae20499207e8	unclassified	0	0	0	0	2698	1
ddb64c51-ea62-444b-969f-c8e10dc85c43	unclassified	0	0	0	0	1138	1
029f8bf1-fdbd-41f1-a909-12ff3661ac41	unclassified	0	0	0	0	2326	1
033dd066-83c2-4512-ad51-fb0680e3e3d3	unclassified	0	0	0	0	2874	1
9e9caa25-c32e-4477-a1b9-7341149cabd7	unclassified	0	0	0	0	1132	1
22f950f5-96c0-4c92-a69e-3fab7ee3a703	GQ263091.1.1476	14419	64	0	23	1625	1
6dc2b998-bb85-490c-829b-d73fe945b5b4	unclassified	0	0	0	0	1478	1
24b41f9c-ec6d-493a-a62a-ca6fa51200de	unclassified	0	0	0	0	2155	1
4372b5ac-655a-4860-8b37-5007c5254566	unclassified	0	0	0	0	1920	1
962d0c0a-0bef-47cc-92df-4725c88ce4a6	unclassified	0	0	0	0	1536	1
f2246b0d-3e97-433d-aa47-627e7f03dddf	unclassified	0	0	0	0	3185	1
fead6ec8-4b82-494f-bb21-f3775bd1c386	unclassified	0	0	0	0	1470	1
da9c1134-4922-4f05-9d3f-6bdfd570d6eb	unclassified	0	0	0	0	2927	1
05e5f632-1f62-4054-9f68-48070024fb3c	unclassified	0	0	0	0	1720	1
573bfcc9-2308-40f3-ba80-3d6f2354e1f1	unclassified	0	0	0	0	2556	1
28bd30ff-0b12-45a9-9388-eb0638c51531	unclassified	0	0	0	0	2746	1
cf82968e-8c36-4ab6-8c1c-d90615be619d	unclassified	0	0	0	0	1229	1
c6b4991c-c66c-47be-a27e-3613b00d01d9	unclassified	0	0	0	0	1947	1
a1a546ce-db1f-42aa-b979-952db496cec6	unclassified	0	0	0	0	2835	1
6c95ce38-75ae-4d08-921c-50e84bb54ad2	unclassified	0	0	0	0	1385	1
748978e3-8fe8-44aa-b071-2b10924804dc	unclassified	0	0	0	0	3699	1
c851d236-91a8-4e28-b614-b7332af47159	unclassified	0	0	0	0	4497	1
6c48854a-7867-4ca2-bc02-9d7a3a503967	unclassified	0	0	0	0	1387	1
f0a6d23c-4698-43b3-99c0-fef435bfd0d1	unclassified	0	0	0	0	1416	1
06788e31-fefd-4d4d-a159-1bf887974fc1	unclassified	0	0	0	0	1391	1
eb2e9f01-72e5-4d96-8f2a-5cb4e400aff8	unclassified	0	0	0	0	1384	1
0150ba24-19f7-4e06-ad88-b8a0eaf6aa1d	unclassified	0	0	0	0	1463	1
4dda542f-77bd-4c01-8a44-b678c8a5c64f	unclassified	0	0	0	0	1255	1
22f5ea20-5f1d-45a2-94c0-9cc3bbd0e509	unclassified	0	0	0	0	1167	1
02acc205-4e81-4b84-9f61-f83b6c190091	unclassified	0	0	0	0	1251	1
0c1d2913-0164-4f8a-8b0c-e38cdbf18b74	unclassified	0	0	0	0	5137	1
ae3490ac-f263-47ef-b459-a7220484cde9	unclassified	0	0	0	0	1849	1
158139c0-36fb-4183-8072-890c078ee371	unclassified	0	0	0	0	3604	1
14afe109-6c72-4cda-b093-ae4bb17fcf2a	unclassified	0	0	0	0	2166	1
41117d57-ac1e-46f1-8e23-fe975ef34e3a	unclassified	0	0	0	0	1866	1
475f1aa4-77a4-4954-807c-228dc7c90371	unclassified	0	0	0	0	1502	1
545b69d7-f3ec-4d22-81f7-eb350700abde	unclassified	0	0	0	0	1022	1
22b81f47-b8f2-4799-a68f-95adfcd39184	FPLS01002301.23.1484	26157	169	169	28	1443	3
22b81f47-b8f2-4799-a68f-95adfcd39184	FJ032592.1.1245	2183	169	169	28	1443	3
22b81f47-b8f2-4799-a68f-95adfcd39184	FPLL01006725.1.1459	26148	169	169	28	1443	3
02ea2e90-3ad7-4011-bcaa-969bc61bf948	unclassified	0	0	0	0	1497	1
834bbeca-b4e6-44df-a7ae-af01ff700722	unclassified	0	0	0	0	1438	1
0f22583e-8a0d-4025-85e2-ccb674e751bb	unclassified	0	0	0	0	1198	1
af4ff822-4978-4448-9835-0d97a2d57b40	DQ837242.1.1371	26054	81	0	24	1371	1
c9d07906-6774-4964-a94e-df494bcfbdf2	order	27008	81	81	24	1564	2
c9d07906-6774-4964-a94e-df494bcfbdf2	family	26981	81	81	24	1564	2
89c034e1-b069-4f1d-b2c2-14b16b92de82	unclassified	0	0	0	0	2424	1
859f4925-8e93-498c-b228-7b54440a98e3	unclassified	0	0	0	0	1084	1
358a2418-8287-4f3d-b36c-8d6125bdfe3e	unclassified	0	0	0	0	1115	1
b93c6a8e-dfea-4bff-a0ce-c51535f77e8b	unclassified	0	0	0	0	1183	1
6fd7d8e1-d4d8-4328-9753-4dd56e030251	unclassified	0	0	0	0	1512	1
1c61a3f5-6e37-44bc-83cd-a6049e7a4e78	unclassified	0	0	0	0	1512	1
a37032e7-f67d-45ca-8fdd-917f021902df	unclassified	0	0	0	0	1499	1
d169fb21-b3d5-4821-b963-f45c865bba5b	unclassified	0	0	0	0	1472	1
a31e7232-1737-4425-aae7-bf4b79a329fa	unclassified	0	0	0	0	1469	1
cd240cc6-0b62-4565-8b6f-98709566ee9f	unclassified	0	0	0	0	1308	1
f9c78488-64ac-4085-a13e-a01c829dfa63	unclassified	0	0	0	0	1136	1
79c23d0f-9dd9-4064-a1ac-e1cd05a978c7	unclassified	0	0	0	0	1663	1
f41d8bcb-d3ae-4061-8fb2-fe82277e52c8	unclassified	0	0	0	0	1351	1
468f19ab-e709-474d-bd21-684691445046	unclassified	0	0	0	0	1372	1
45a906d4-1f0f-4d5e-8c1d-753f519f8835	unclassified	0	0	0	0	1368	1
9dcd362a-db2b-4904-ab16-1765368338c9	unclassified	0	0	0	0	1502	1
dc15577a-304e-467b-b78d-5655c12a8e5f	unclassified	0	0	0	0	1926	1
fe250e3b-c402-42a6-b9ab-a205471ae46e	family	26981	81	81	24	1474	2
fe250e3b-c402-42a6-b9ab-a205471ae46e	order	27008	81	81	24	1474	2
6fa864d7-25fd-4df1-b822-22358fe28d2e	unclassified	0	0	0	0	1478	1
8f8acb31-cca7-4cf6-80c1-c16c545fb322	unclassified	0	0	0	0	7264	1
45bcebc8-6c0c-4352-8861-98f5f7fc5a69	unclassified	0	0	0	0	1414	1
3fb34068-330f-4396-aece-d447cf309eab	unclassified	0	0	0	0	1019	1
6cc69b5f-978a-474b-9663-3bc7769c90bf	unclassified	0	0	0	0	1266	1
05c41c0c-24e7-4391-b745-a8496a07e5e2	unclassified	0	0	0	0	4738	1
7b457903-27cc-4cf1-8df9-48f16418ac32	unclassified	0	0	0	0	1482	1
d6ddd135-b43d-4c96-ad38-649a1fd1e88a	unclassified	0	0	0	0	1163	1
24cbd805-e0b1-4d83-8acc-5c82ee857fe4	unclassified	0	0	0	0	1461	1
0ea52e52-70ac-4843-be20-2be484b4e724	unclassified	0	0	0	0	1502	1
103bf000-4255-4009-a9d0-025b9faa1c17	unclassified	0	0	0	0	1432	1
c204505d-efc2-4fe9-9046-975ac20c6df3	unclassified	0	0	0	0	1696	1
501dd3bb-7e7f-4173-82aa-59e3a183af23	unclassified	0	0	0	0	2298	1
b8f9b0e1-54fb-49e8-a668-225d61a766cb	unclassified	0	0	0	0	1091	1
858354eb-af43-4e9e-802b-7e28c4ab5a16	unclassified	0	0	0	0	1622	1
5372eca6-98fe-480f-92da-0341fc0b8e67	unclassified	0	0	0	0	1650	1
5508d78d-7179-4875-865c-6d0c2e0c935d	unclassified	0	0	0	0	2486	1
01113fd8-2dc3-43d0-b9f7-4c6e7399e2be	unclassified	0	0	0	0	1678	1
5eab15a9-4a8f-49be-b7c2-29d8e1e723ff	unclassified	0	0	0	0	2132	1
6188f007-a7b8-40ec-9921-60aff8afb8cf	unclassified	0	0	0	0	1525	1
e8ccc8bb-15aa-4055-bee6-6a9888699394	unclassified	0	0	0	0	1913	1
56278047-6879-4493-8fec-c5d38a3d5c75	unclassified	0	0	0	0	4258	1
16d67828-261b-4ef3-b2f3-87c419abd178	unclassified	0	0	0	0	2904	1
31219128-adab-472f-95c4-c10d74682805	unclassified	0	0	0	0	1573	1
83a69809-1c2a-4a0b-b0a7-5d55521c9efe	unclassified	0	0	0	0	1445	1
793338d8-eddc-496c-9b6c-52e3bc69d185	unclassified	0	0	0	0	1924	1
65ae9145-01fc-4363-870b-5b205357c5d9	unclassified	0	0	0	0	1983	1
3aedf8d4-ba23-4eaa-8b36-1c2ccb5ab1dc	unclassified	0	0	0	0	1470	1
e4f9fa7b-bb37-4b3b-809c-0da7a1c927be	unclassified	0	0	0	0	1445	1
5271eee5-ef78-469d-85f7-7be4cd832ee9	unclassified	0	0	0	0	6726	1
b72f29ab-7f84-4077-9f71-d1c5b25c3e32	unclassified	0	0	0	0	1278	1
58e44f7a-eabd-4bc9-99af-1cc99965c509	unclassified	0	0	0	0	1582	1
b34f5510-c05d-4185-ae42-912fab5632b7	unclassified	0	0	0	0	1025	1
7bf88219-671c-4c12-b0f7-f846c41634ec	unclassified	0	0	0	0	1254	1
da7155f1-0e1f-4e84-96ea-d986c1de1ae0	unclassified	0	0	0	0	1211	1
1c379558-38ae-419b-9aa3-510cb67fce72	unclassified	0	0	0	0	1453	1
52c088f9-906d-435d-b2e7-85df0e87cf7d	unclassified	0	0	0	0	1855	1
cf2e2a04-26e6-4ca2-aa41-5afcca73ebf2	unclassified	0	0	0	0	1424	1
7b9207ae-e7f3-4c10-a34a-4ded9704b124	unclassified	0	0	0	0	1056	1
aaaa944b-84fa-4e08-a3fc-b4cf1d82d361	unclassified	0	0	0	0	2438	1
510c5ad0-a0dc-4e82-8f70-d96305d897c6	unclassified	0	0	0	0	1485	1
6dcdf3fa-68eb-4213-a601-cdc344109735	unclassified	0	0	0	0	1361	1
97aeef61-81a7-4a65-8515-9c119b988f74	unclassified	0	0	0	0	2075	1
b3045106-0387-4e0f-9275-2bfe8a85ed55	unclassified	0	0	0	0	1192	1
0a1256b3-f8db-4226-9815-a10f3446e87f	unclassified	0	0	0	0	1519	1
76256d2c-8fc3-4081-82ec-cbb8f672892d	unclassified	0	0	0	0	2076	1
36075c71-33c1-45f4-90bd-d165290d51e4	unclassified	0	0	0	0	1459	1
951a50ca-e9a7-45c5-917e-b86737e89ee2	unclassified	0	0	0	0	1433	1
84039e36-b49b-49d4-9b03-f502d48c06f0	unclassified	0	0	0	0	1038	1
7dd7c9bc-8ba1-4ba9-a46f-1028cf81c584	unclassified	0	0	0	0	2589	1
03c38677-1c7b-4e43-bc09-e4039a9dc18c	unclassified	0	0	0	0	1050	1
76007929-a749-4466-88f9-f7b890065910	unclassified	0	0	0	0	1379	1
3e77ef6a-3dc4-4212-bf95-9262f9ff7fe0	unclassified	0	0	0	0	1018	1
3395efa1-2c7d-4421-9a21-4f9d85ba12fc	unclassified	0	0	0	0	1566	1
88801724-c827-46c2-b34c-8f7365554821	unclassified	0	0	0	0	1519	1
3d646695-fc01-42dd-93ff-db3a00fd615b	unclassified	0	0	0	0	1361	1
cb3e1cc3-8e7c-4237-9161-8c62b11d9280	unclassified	0	0	0	0	1623	1
f756482b-a287-47bb-83f9-55f4e6500503	unclassified	0	0	0	0	1588	1
30f5f99a-7656-44f3-8b09-2d4bfcf7d962	unclassified	0	0	0	0	1095	1
57af8314-f18f-4ad2-b587-7c0bfe161538	unclassified	0	0	0	0	1411	1
236b3067-3bfb-45de-b4c3-ff5e3549b514	unclassified	0	0	0	0	1816	1
6026f6e9-d7d5-4993-bc44-16f8eec3cb34	unclassified	0	0	0	0	1026	1
a2cd5816-038d-47fb-bfcd-d3da7dbf7667	unclassified	0	0	0	0	1438	1
46493fc3-f89b-45c1-9571-1d964247beda	unclassified	0	0	0	0	1615	1
236413d3-24d4-41ef-a659-ae317bface61	unclassified	0	0	0	0	1435	1
773ed83f-147a-4434-a5f6-db58609c095a	unclassified	0	0	0	0	4580	1
01d50ed0-32f7-4ad2-89b6-212a0bbeb226	family	26981	100	100	25	1483	2
01d50ed0-32f7-4ad2-89b6-212a0bbeb226	order	27008	100	100	25	1483	2
73c6c70b-fc71-4e25-af03-bcc9089ce046	unclassified	0	0	0	0	1167	1
2e6f4eff-4450-4bbc-9476-f1744f23769b	unclassified	0	0	0	0	1428	1
fd895b53-0881-4ca1-865c-4d9285ac09cf	unclassified	0	0	0	0	1755	1
031295ea-da83-463c-b84c-f48ddaa945f8	unclassified	0	0	0	0	1045	1
ed698eb9-7b77-4307-84ef-1549e3dbb7c0	unclassified	0	0	0	0	1630	1
213d9e01-f3df-4915-9dec-884443f6c6c5	unclassified	0	0	0	0	1402	1
0d3aaf93-130c-40d9-8df0-ae52dc3d3ac1	unclassified	0	0	0	0	2081	1
66b5dea3-3131-4d91-8c86-db08087bf088	unclassified	0	0	0	0	1274	1
97df210e-3b3c-4272-8621-6ab8f96852f0	unclassified	0	0	0	0	1427	1
cbeab0ee-c61e-4ffb-b983-1849dd1a753a	unclassified	0	0	0	0	1539	1
a519e7e0-7906-4963-9d95-150f5da12c60	unclassified	0	0	0	0	1446	1
b3461abf-1212-4336-b5b9-f3dc10e43ec2	unclassified	0	0	0	0	1432	1
37abe2aa-351c-470c-b369-88212bf32aad	unclassified	0	0	0	0	1152	1
456c2141-07e1-45a7-b447-ebeb05bd4d33	phylum	400	81	81	24	1446	5
456c2141-07e1-45a7-b447-ebeb05bd4d33	class	3087	81	81	24	1446	5
456c2141-07e1-45a7-b447-ebeb05bd4d33	phylum	25725	81	81	24	1446	5
456c2141-07e1-45a7-b447-ebeb05bd4d33	class	4029	81	81	24	1446	5
456c2141-07e1-45a7-b447-ebeb05bd4d33	class	1386	81	81	24	1446	5
997c586c-3110-43b5-8609-34a49a7be7d3	unclassified	0	0	0	0	3268	1
cf326c03-9205-47dc-a8df-2277985dd91a	unclassified	0	0	0	0	3251	1
30f6bb21-3302-4957-aacd-5b1b1bc4208e	unclassified	0	0	0	0	1511	1
97795d1c-9f82-4fcf-8606-995a56143860	unclassified	0	0	0	0	1190	1
d8377289-0ff1-4ab6-8363-b184adc2a888	unclassified	0	0	0	0	1535	1
f83b277e-ad9f-452a-a15e-ae6baa0beccf	unclassified	0	0	0	0	1221	1
0759185e-772e-4538-9072-9e20c602853f	unclassified	0	0	0	0	1553	1
7607f603-9849-472b-b5cc-7f21160eb042	unclassified	0	0	0	0	1224	1
cb932a2e-2917-493f-a1db-d6447a12dce1	unclassified	0	0	0	0	1128	1
73786235-55fe-4065-8366-6ef9a61c198b	unclassified	0	0	0	0	2105	1
ae9379f9-7f9d-4422-971b-befb83cd1798	unclassified	0	0	0	0	1395	1
beee1562-4b22-4da2-8c57-7f61817c8e08	unclassified	0	0	0	0	1620	1
683b4116-ebb5-4b79-aca4-42870a3380c6	unclassified	0	0	0	0	2580	1
bdd636ad-5f8a-4cc8-8e7f-06d5935707d0	unclassified	0	0	0	0	1502	1
12b82da1-db85-4ed4-b8f5-8718f9c4fc0c	unclassified	0	0	0	0	1842	1
215eb230-d1ce-4ab1-95c9-17662f607618	unclassified	0	0	0	0	1393	1
58ed5776-5677-430f-9e28-02a42b955bee	unclassified	0	0	0	0	3328	1
81455ee7-edaf-425a-8f50-868bcb0d3beb	unclassified	0	0	0	0	1198	1
3cb05f61-16d4-41e5-986a-510ce5fb73a8	unclassified	0	0	0	0	1352	1
59bdea4e-e14b-4c8a-a38c-11ee80342ff2	unclassified	0	0	0	0	1211	1
a0741eea-5237-4e50-9ca4-fd2444f2ea61	unclassified	0	0	0	0	1582	1
bd0ea149-1e96-4f1b-9773-62aa932f0cb7	unclassified	0	0	0	0	1672	1
c0224960-5965-4bb2-8d7d-b54f61f8c908	unclassified	0	0	0	0	1357	1
e427a4d7-b5f2-430a-8829-95ad337fe880	LGTU01000266.3049.4535	2805	484	484	37	1171	3
e427a4d7-b5f2-430a-8829-95ad337fe880	AXCG01064552.24767.26138	25228	484	484	37	1171	3
e427a4d7-b5f2-430a-8829-95ad337fe880	LGSO01000254.324.1809	2805	484	484	37	1171	3
c107b92d-5021-4294-a2b2-61e0a1f67362	unclassified	0	0	0	0	1510	1
91f1d900-c623-404b-b352-4f70f23ba1ab	unclassified	0	0	0	0	1402	1
b8479d1f-c29b-4ff8-bdc3-71518005a3f2	unclassified	0	0	0	0	2873	1
7d810918-2dd5-4408-a62f-1cf0d1fc6145	unclassified	0	0	0	0	1466	1
c53219fb-76a4-4a82-821c-f819505112d5	unclassified	0	0	0	0	1817	1
5cef5f68-653c-49b3-998f-6f27260ad9bf	unclassified	0	0	0	0	3498	1
9fa01e93-b092-41b1-9412-dc44ae98dc61	unclassified	0	0	0	0	1493	1
1c70303f-52e4-49d4-a7e4-9dcbc34fcdc1	unclassified	0	0	0	0	2939	1
677c3338-e466-4a6c-ad07-9df545e5bba1	unclassified	0	0	0	0	1252	1
f4908158-efb3-4be7-bea0-81c2c0231101	unclassified	0	0	0	0	1945	1
e5cd6b94-90d7-438d-96e0-8b312605e576	unclassified	0	0	0	0	2754	1
b2d081d2-f916-4cf1-91b0-1a6985f10fbb	unclassified	0	0	0	0	1547	1
363ef2f6-4be5-48f1-8aab-b66c57139a5a	unclassified	0	0	0	0	1655	1
f8f6ee79-14af-442d-a6d8-a779563d87b5	unclassified	0	0	0	0	1306	1
b0dccbde-fa61-42d8-b600-acb5e44b78c8	unclassified	0	0	0	0	1466	1
fb158690-c861-49d9-9e93-824463f21edb	unclassified	0	0	0	0	1418	1
e8d24e54-0101-456f-8efe-15f643c69beb	unclassified	0	0	0	0	2073	1
87ea44c0-1c84-4e96-8ace-c1ba5f426531	unclassified	0	0	0	0	1492	1
4e3f3280-a413-44c1-a03b-81f3fdcd9aa1	unclassified	0	0	0	0	1360	1
890f6dfe-bb9f-40c3-bf17-d1bdbec8f233	unclassified	0	0	0	0	1292	1
4cf286b6-fa9c-4ac2-a8f0-292f28baccad	unclassified	0	0	0	0	1017	1
f0964036-86c8-4348-be6d-91d9bdee413e	unclassified	0	0	0	0	1601	1
45a3e495-3f29-4276-a835-ec739f38641c	family	26981	81	81	24	1579	2
45a3e495-3f29-4276-a835-ec739f38641c	order	27008	81	81	24	1579	2
7be37ef7-ad82-4add-b09c-656eeab48f24	unclassified	0	0	0	0	2234	1
7b11dbdf-6847-4e35-8c04-9feed629ec3d	unclassified	0	0	0	0	1545	1
ee7efbbb-11c5-40fe-a257-fa0e64d91c0b	unclassified	0	0	0	0	1593	1
5d14fdc2-d2e8-4a7c-be07-17523f94e892	unclassified	0	0	0	0	2009	1
877bfc38-40f1-49e8-bd12-0c504bd2803e	unclassified	0	0	0	0	1536	1
caef7bf1-8c0b-4f92-8940-ae76ac410e9f	unclassified	0	0	0	0	1801	1
9d37c68d-4ba5-4214-87e0-8035b6ba0693	unclassified	0	0	0	0	1041	1
16a25161-a4eb-48dc-b3d2-b8349dbfb535	unclassified	0	0	0	0	1378	1
b4e481e3-104e-42fa-8b1d-57aee07c125e	unclassified	0	0	0	0	1661	1
9a6130ff-316d-4db9-8061-d799f9527751	unclassified	0	0	0	0	1651	1
2f220d44-3059-43e8-881e-ce924ccb2000	unclassified	0	0	0	0	1859	1
40e54d10-65b4-40ef-aada-4fee8441599f	unclassified	0	0	0	0	2348	1
0c0facdf-a584-461c-a1bd-91e61bcd37af	unclassified	0	0	0	0	1492	1
d5d9e546-4346-4347-80bd-80b45709e0ce	unclassified	0	0	0	0	1154	1
85bd0577-8af6-4972-a93b-f67eb340928a	unclassified	0	0	0	0	1504	1
bfd06dda-65b2-498d-becb-557df4b955b0	unclassified	0	0	0	0	1045	1
c8cf8e99-66a4-4ef7-8024-5f52a582e370	unclassified	0	0	0	0	1142	1
a5fb7da5-cdc3-4166-9151-e939cfb6fb6c	family	766	81	81	24	1436	4
a5fb7da5-cdc3-4166-9151-e939cfb6fb6c	order	447	81	81	24	1436	4
a5fb7da5-cdc3-4166-9151-e939cfb6fb6c	family	484	81	81	24	1436	4
a5fb7da5-cdc3-4166-9151-e939cfb6fb6c	family	636	81	81	24	1436	4
e0327043-918e-4e2d-b804-7b210ccf81e0	unclassified	0	0	0	0	1578	1
b7661994-ec40-4f4d-8524-c73c15283d8f	unclassified	0	0	0	0	1115	1
a116da88-0762-4cf8-893c-49d3ca103001	unclassified	0	0	0	0	1000	1
926af2fe-725c-4ea9-8a24-cb874d538c3b	unclassified	0	0	0	0	1463	1
63b96efc-0eca-40de-bb24-cd12e20fa628	unclassified	0	0	0	0	1444	1
96a5885a-7915-4825-a6d4-e315ee38a32b	unclassified	0	0	0	0	1410	1
53f01459-6da7-4ac4-ab5f-c206160e812b	unclassified	0	0	0	0	5664	1
fe0c5d5e-4c3c-42f6-9119-490495d5359e	unclassified	0	0	0	0	1460	1
e3088cc4-5da2-4d7a-8b99-f0819f433a52	unclassified	0	0	0	0	1020	1
0a4f6fdd-7bd2-4211-8994-309eb8541560	unclassified	0	0	0	0	1448	1
b8c14933-1ae8-4d43-8ea1-37fa1dd1fc9a	class	830	81	81	24	1464	4
b8c14933-1ae8-4d43-8ea1-37fa1dd1fc9a	class	3087	81	81	24	1464	4
b8c14933-1ae8-4d43-8ea1-37fa1dd1fc9a	class	3303	81	81	24	1464	4
b8c14933-1ae8-4d43-8ea1-37fa1dd1fc9a	phylum	11409	81	81	24	1464	4
d7d69cb2-b97a-4f55-a580-767fd04bc9db	unclassified	0	0	0	0	1555	1
f3a032f2-bfcb-41e2-8f56-41517b111558	unclassified	0	0	0	0	1225	1
4d6e2f2f-cdbb-4323-aa2f-5d03af961d7a	unclassified	0	0	0	0	1181	1
8c38a942-8dfc-46b7-9767-ea4e3e1bd277	unclassified	0	0	0	0	1161	1
cc1b811b-474a-45e7-b8f5-c21bf00aab42	unclassified	0	0	0	0	2230	1
876d28a7-6f45-4018-b7a6-247024217db6	unclassified	0	0	0	0	1125	1
a1373f78-5a73-47fe-b166-c1ead0cbb76e	unclassified	0	0	0	0	1168	1
dbf756f1-fe38-4059-9820-f80274d8476d	unclassified	0	0	0	0	1357	1
b0d964c4-66d1-4332-827f-5006a59f062b	unclassified	0	0	0	0	1451	1
7c19f2f5-2591-46fb-be0a-9d349053a448	unclassified	0	0	0	0	1171	1
3e8994a3-6ee4-4fc9-a1c5-1705c4b34179	unclassified	0	0	0	0	2715	1
508b1928-806e-47ad-bed7-ec84c739f927	unclassified	0	0	0	0	1281	1
caa10491-ccd3-4236-a726-82ead1f67392	unclassified	0	0	0	0	1486	1
eb148b26-b7f0-4cd6-8bf7-d55dce13f56f	unclassified	0	0	0	0	1202	1
5212ba3e-fc5b-4dac-a3cb-b74678b023d8	unclassified	0	0	0	0	1551	1
18c2700a-2019-4986-8755-73d316a278f3	unclassified	0	0	0	0	1371	1
d467a7e7-585b-4845-a309-1bb8a511df06	unclassified	0	0	0	0	1220	1
7a09c9f9-2af3-4182-836b-9afd3e9e1c68	unclassified	0	0	0	0	1808	1
882cf9c3-470c-43ad-91fd-9d3953b96f75	unclassified	0	0	0	0	3722	1
41fd1d4c-b115-45cb-be32-9ba9b9d02a0d	unclassified	0	0	0	0	1470	1
1b38bd2a-423e-4308-83c8-76028e9f0e87	unclassified	0	0	0	0	1445	1
2a120e36-d42d-492c-8b71-5dc930bd8d8d	unclassified	0	0	0	0	1017	1
74c46780-244f-42fc-a10d-0b6e418caef1	unclassified	0	0	0	0	2275	1
09f911ed-4b6d-4054-bc61-962b0b27c29d	unclassified	0	0	0	0	1998	1
9beb8aed-f002-4860-abb8-d9057e91e5dd	unclassified	0	0	0	0	1803	1
b8e498a2-a619-44f4-97a6-53ce5749ef06	unclassified	0	0	0	0	1384	1
3edbf9d4-8c1a-4b65-862a-0c22b754cc0a	unclassified	0	0	0	0	1044	1
6aa0401b-65d4-414a-9fe5-7184a2d3d522	unclassified	0	0	0	0	3636	1
94114f3d-0d14-4eb1-af11-d4d76c525f95	unclassified	0	0	0	0	1006	1
946a4fe8-e93f-4f7f-8865-de631c247419	unclassified	0	0	0	0	1512	1
785f7569-e129-4674-87e7-8d32dded6cdd	unclassified	0	0	0	0	3670	1
23bd4a75-d396-48ae-8db0-2976c2a8c158	unclassified	0	0	0	0	1070	1
b8a53808-9a27-4131-8d1e-de3f54b370c5	unclassified	0	0	0	0	1496	1
a0d420c4-4582-4ba1-958f-13c934b2d64d	unclassified	0	0	0	0	2088	1
31d1cd9e-907c-4552-ae98-95e209c85b04	unclassified	0	0	0	0	1488	1
3aa5d22c-ee87-4465-a780-a7ef76c31d9f	unclassified	0	0	0	0	1450	1
e6040ae0-d5f3-4734-8123-902eb700f02f	unclassified	0	0	0	0	1469	1
82cd908e-e44d-408e-810c-97ba8076f15e	unclassified	0	0	0	0	1195	1
6f66027b-496d-405e-9e6b-efde17b9f086	unclassified	0	0	0	0	1149	1
3b7f1d10-6648-4930-84c2-87e559edcde4	unclassified	0	0	0	0	1314	1
77f65346-3862-47ef-bbcc-36eeac082303	unclassified	0	0	0	0	1289	1
025ccd37-d0c6-4556-9eea-87a74847ae78	unclassified	0	0	0	0	1713	1
d29a3e43-93a1-47cb-a9fa-04a6cab0c1b4	unclassified	0	0	0	0	1201	1
5e11473e-15b9-4bb9-acd9-b083de975d76	unclassified	0	0	0	0	1441	1
dbcbe71a-36a9-49e4-9a91-8845a651900c	unclassified	0	0	0	0	1573	1
eb34952a-cd6e-4538-b898-70669059fde0	unclassified	0	0	0	0	1423	1
30a714a3-f07a-4255-a83e-44b760fe8fb7	unclassified	0	0	0	0	1190	1
2d103f93-c189-4004-9dd6-7bcfc861a1ab	unclassified	0	0	0	0	1030	1
3cffdfec-03c2-4006-acee-461fa1b553c9	unclassified	0	0	0	0	1517	1
401807c1-62f0-453a-bf8d-7db553d1ebd9	unclassified	0	0	0	0	1199	1
02f7bb64-c8a9-450e-8cf8-46888ffe7ee6	unclassified	0	0	0	0	1221	1
81a4f2da-af3d-4558-ad7e-656901043d74	unclassified	0	0	0	0	1788	1
5b15e646-451f-45e4-be9b-bc294426295a	unclassified	0	0	0	0	1415	1
ca6a40a5-d66b-43bf-9eb2-5afe78343772	unclassified	0	0	0	0	4441	1
e2f90e2c-a935-481a-984e-8a6879cd5199	unclassified	0	0	0	0	1898	1
3c3c8d72-e709-40a6-b1fa-ba776b15c13d	unclassified	0	0	0	0	3020	1
f292fc2a-fef7-487c-9514-bb94280120f5	unclassified	0	0	0	0	1469	1
fe697e41-a50a-4880-aae8-c9d23ebe3120	unclassified	0	0	0	0	1119	1
f3b343a3-74d7-47f0-a5c5-1865cff4644c	unclassified	0	0	0	0	2506	1
52c6f40a-3b68-4df5-ad81-26f5063de989	unclassified	0	0	0	0	2147	1
a35c5add-ba63-47be-9bba-167214941f99	unclassified	0	0	0	0	1361	1
cba61365-8d2d-4e8f-93f1-9aec78d42a28	unclassified	0	0	0	0	2073	1
e421c7ce-666b-4b39-b60c-7a33390dbadd	unclassified	0	0	0	0	2330	1
65f0b0de-3bb7-4689-8595-3809fe1b091b	unclassified	0	0	0	0	1069	1
b6f44f5d-42b2-4495-b3ba-c06bee5391d2	unclassified	0	0	0	0	1102	1
e1158b4c-7be3-4078-88f7-d4fd543487d0	unclassified	0	0	0	0	1486	1
74e157c7-39db-4a07-8626-d08ce9425e52	unclassified	0	0	0	0	1245	1
7097301c-1a60-4221-acd8-401d9b371931	unclassified	0	0	0	0	1138	1
6b8b1e22-894a-40b1-82a1-d23982da9a7b	unclassified	0	0	0	0	1453	1
fb2f43a2-d2cd-402a-b7b9-b1ffa6b9e257	family	26981	81	81	24	1472	2
fb2f43a2-d2cd-402a-b7b9-b1ffa6b9e257	order	27008	81	81	24	1472	2
f198d320-bb5b-4237-a4ac-f5e642d5cd9d	unclassified	0	0	0	0	1483	1
ff80084f-c6ab-426b-a28f-7484cb4b0cf6	unclassified	0	0	0	0	1909	1
b2c9733f-132d-4609-99f0-782ef6367497	KT308819.1.1476	25013	64	64	23	1301	5
b2c9733f-132d-4609-99f0-782ef6367497	KT308789.1.1402	25027	64	64	23	1301	5
b2c9733f-132d-4609-99f0-782ef6367497	AM259918.1.1451	3550	64	64	23	1301	5
b2c9733f-132d-4609-99f0-782ef6367497	FJ755748.1.1456	25012	64	64	23	1301	5
b2c9733f-132d-4609-99f0-782ef6367497	FPLS01048854.1.1269	25027	64	64	23	1301	5
f00da24b-ecf2-417a-a070-d9a8ea7d7bf9	unclassified	0	0	0	0	1091	1
51e1e7da-e800-491f-897e-0ec8494a9d38	unclassified	0	0	0	0	2312	1
1d4e596b-32ee-46cf-9d5c-f2d4f04e5b40	unclassified	0	0	0	0	1739	1
4e27e648-cdbc-416f-8a3a-9a1170c3fb77	unclassified	0	0	0	0	2840	1
388b822d-b316-4aa3-9df7-ad4e1e6e8220	unclassified	0	0	0	0	1357	1
5cf7dd37-2080-4428-8ba4-fb1ea73d18c7	unclassified	0	0	0	0	2204	1
551b66d8-d57e-4971-9507-efbaeed52dee	unclassified	0	0	0	0	2509	1
19e59497-60f1-44b2-8a5f-a7fe3c979627	unclassified	0	0	0	0	1332	1
c425bead-a4c4-49c9-8c29-46891fc6aa46	unclassified	0	0	0	0	1397	1
0da8b8fc-f655-4295-bf13-8432ac5bebc3	unclassified	0	0	0	0	1393	1
4750764a-954a-49e8-b45f-94039960be48	unclassified	0	0	0	0	1171	1
bb91bf7e-1984-4bb4-9a27-eace84da7415	unclassified	0	0	0	0	1301	1
4e302b54-ade7-4db5-aa54-ab19e1133031	unclassified	0	0	0	0	1215	1
fc615c46-81bd-4915-be61-76b383a95da8	unclassified	0	0	0	0	1237	1
415630b4-4549-496f-9698-19b4f985dd75	unclassified	0	0	0	0	1072	1
aecb98ec-d483-4496-873d-8bb4f4dd43f5	unclassified	0	0	0	0	1744	1
b91167a3-fedb-4faf-9100-5c262a341d84	unclassified	0	0	0	0	1269	1
78707f48-452e-4748-af81-190e7c3140ed	unclassified	0	0	0	0	1505	1
32e2b065-56c1-4627-a928-0c3b35a1d26d	unclassified	0	0	0	0	1508	1
758c6faf-7df1-4f60-82ef-cfe7475946ba	family	26981	121	121	26	1423	2
758c6faf-7df1-4f60-82ef-cfe7475946ba	order	27008	121	121	26	1423	2
8fa813e2-a182-4683-8e2a-4443a5ebfcfe	unclassified	0	0	0	0	1660	1
b380feee-f8de-4763-9f0b-f2aecc071036	unclassified	0	0	0	0	1887	1
c4e0822c-0a7a-47bb-bff9-15bcc53aaa2c	unclassified	0	0	0	0	3210	1
083ec953-1388-4e4c-9baa-a733c136a4f8	unclassified	0	0	0	0	4061	1
30b133fe-660c-4ce8-b2c4-806d7f193ea7	unclassified	0	0	0	0	3771	1
c82dbb83-d86b-4da9-8f70-ba4bf12d4c24	unclassified	0	0	0	0	2513	1
1166a7fa-3029-464c-a15b-b0692901a4fc	unclassified	0	0	0	0	1608	1
8481a81a-d3b6-4593-b606-f963b4f79a13	unclassified	0	0	0	0	1314	1
88255fbd-b7d3-48e3-8fe9-69117af5eff7	unclassified	0	0	0	0	1090	1
c3210ebf-7313-4d5d-aa72-2b7eb9676697	unclassified	0	0	0	0	1465	1
31f63ac3-4418-43a7-b079-4733b4862197	unclassified	0	0	0	0	1120	1
e20aaf7b-9397-414b-a1ad-0d31e9984a8c	unclassified	0	0	0	0	3027	1
d547c03d-b553-4e4e-ad23-50bc3cadd836	unclassified	0	0	0	0	4100	1
dcd523d5-b38c-44ae-be40-5a201518ce16	unclassified	0	0	0	0	1173	1
0a79dab9-93c8-429f-a7e9-2d4eb6de4f01	unclassified	0	0	0	0	1779	1
c1daa074-215c-4a21-8a85-017538704e22	unclassified	0	0	0	0	1477	1
6bdfe678-4ed7-4b5a-92f0-55acd1b0068f	KT308466.1.1430	25027	121	121	26	1503	5
6bdfe678-4ed7-4b5a-92f0-55acd1b0068f	D14021.1.1272	25032	121	121	26	1503	5
6bdfe678-4ed7-4b5a-92f0-55acd1b0068f	KT308786.1.1474	25027	121	121	26	1503	5
6bdfe678-4ed7-4b5a-92f0-55acd1b0068f	D14020.1.1264	25032	121	121	26	1503	5
6bdfe678-4ed7-4b5a-92f0-55acd1b0068f	KT308346.1.1474	25027	121	121	26	1503	5
037deb46-0dac-4c84-8144-cca1dea6a449	unclassified	0	0	0	0	1278	1
5736bd37-f15f-4a09-afa1-67aaa9eb3716	unclassified	0	0	0	0	1448	1
90317ef2-c25e-4ae2-903c-89f5ed1013c1	unclassified	0	0	0	0	1463	1
f5fbfe94-6d78-4288-9145-e40f20678a46	unclassified	0	0	0	0	2324	1
1a15e2ca-4471-40e9-8b6a-ca4def196fd7	unclassified	0	0	0	0	2022	1
5359f8de-e960-4b21-9e3f-e26e13c15162	unclassified	0	0	0	0	3067	1
577e4464-fbaa-48cd-a4b4-2d39f1fa9121	unclassified	0	0	0	0	1472	1
e693fdf9-5b47-4ad3-8aec-fd00040f31c0	unclassified	0	0	0	0	1358	1
07466ce1-7244-4ea7-a44d-3cf2cbe69baa	unclassified	0	0	0	0	1829	1
77d1e0e6-ea50-45e2-bcac-2ab1777f3d93	unclassified	0	0	0	0	1245	1
0af61372-1117-496b-8b61-332bba894cb2	unclassified	0	0	0	0	5103	1
3c15c1a5-832e-4ef1-b00f-de7acda822ee	unclassified	0	0	0	0	1183	1
c198e796-aa5f-43e9-90d2-169ae9a04ed8	unclassified	0	0	0	0	1317	1
cdc5aa2b-c8cd-4af6-9286-573a0132b26b	unclassified	0	0	0	0	1331	1
1ae4af71-8e95-4159-ab52-6a838f94f397	unclassified	0	0	0	0	1444	1
adce4edf-ef11-4df1-b0aa-7baff537b7c0	unclassified	0	0	0	0	1097	1
ab5ea522-6558-487a-a1b3-2404266beb4d	unclassified	0	0	0	0	1305	1
05b9fc21-3433-4563-9cc3-f29fb81b57cd	unclassified	0	0	0	0	2659	1
4d3e7a7e-6439-4bc5-8013-b92d09327be5	unclassified	0	0	0	0	2810	1
954512a5-9e4d-452f-b331-0d3bbd383828	unclassified	0	0	0	0	1514	1
ac632e67-b972-4573-a67c-2a00de5a0f7e	unclassified	0	0	0	0	1564	1
34c9b282-be25-44f9-89d8-ad4597c567cb	unclassified	0	0	0	0	1047	1
3cd969cc-2f6c-4f80-99d7-c37217319976	unclassified	0	0	0	0	3943	1
501a74d8-c6bd-4233-bd39-20063434cf42	unclassified	0	0	0	0	1398	1
543f3d90-646d-4050-8b41-ba3c253e1b54	unclassified	0	0	0	0	2810	1
1d03df4d-6c86-48c8-8994-1033393f68e7	unclassified	0	0	0	0	3676	1
63a2f5cd-e661-4872-a36e-b2d1acd9498e	unclassified	0	0	0	0	3325	1
0292007c-bc36-4dd9-a69b-99870ac2bb2b	unclassified	0	0	0	0	1735	1
518a6f00-d683-4749-8fcd-6be44f9b577b	unclassified	0	0	0	0	1556	1
02872f43-66c6-423a-9e50-525d5ca67f7e	unclassified	0	0	0	0	1204	1
3c52e043-9b08-45a8-827b-dc04574a060a	unclassified	0	0	0	0	1479	1
0be585bf-5645-414e-9a21-c0fb528ba2fc	unclassified	0	0	0	0	1227	1
7bd741e0-efde-492d-8338-04c1aabd782a	unclassified	0	0	0	0	1814	1
19c422ee-84a0-488f-b608-3c5ace4995fc	unclassified	0	0	0	0	1230	1
82b5def0-a8ce-4d0d-b82a-d6ecb4624cdb	unclassified	0	0	0	0	1747	1
5bdfd665-19de-4c7f-94e9-586572e6ecc3	unclassified	0	0	0	0	1027	1
e41c8e70-8109-48f4-b52f-08f9f6a62954	unclassified	0	0	0	0	1075	1
0c4bbd24-9964-4382-9459-9e6a18c50da5	unclassified	0	0	0	0	1441	1
96bf9c68-b16c-46a2-95ab-781f2718afc0	unclassified	0	0	0	0	1201	1
92fd585c-5de1-4a74-9720-08ede8016b69	unclassified	0	0	0	0	1491	1
b5e26437-151a-4d52-a137-5ab10068bdc8	unclassified	0	0	0	0	1352	1
fdb4d1b6-745c-43f0-a424-caa46e46ddf5	unclassified	0	0	0	0	1485	1
ebdf437f-2542-415e-b94b-3ca3da3229a7	unclassified	0	0	0	0	1367	1
9da35f8a-4c02-4051-859e-d9ee70449534	unclassified	0	0	0	0	1491	1
0ada8f42-5aa9-4a71-b940-6b80e1d772a6	unclassified	0	0	0	0	1052	1
d969c84d-dd5b-4810-9702-1220effb2194	unclassified	0	0	0	0	1437	1
376d1622-ba3f-44f6-bef4-c1d30ae0e92e	unclassified	0	0	0	0	2052	1
6f2b07b2-2da8-4b8e-bd51-743757da0c3a	unclassified	0	0	0	0	1416	1
283e6d1f-fffd-445a-886e-fb80a470c9e4	unclassified	0	0	0	0	1070	1
fb555685-fff6-48bc-9c2e-f88dc8874a4c	unclassified	0	0	0	0	1508	1
301612c3-e432-416c-8ae0-d472302097a2	unclassified	0	0	0	0	1109	1
d1b0de3a-9d15-488b-baf9-2a0244605644	unclassified	0	0	0	0	4501	1
cd0ff937-0b11-4b49-88ff-6030c6716c87	unclassified	0	0	0	0	3544	1
37f8fa2c-df22-4559-8fd0-b37b5f4522b7	unclassified	0	0	0	0	2415	1
dc364f7d-906f-49b8-a6cb-a11c0382ccae	unclassified	0	0	0	0	1984	1
8c17c31f-bfdd-4759-a283-88b01bd6773e	unclassified	0	0	0	0	2300	1
9b9f9180-c28d-4337-b4c0-01621056ca57	unclassified	0	0	0	0	1392	1
52ddf72c-0d04-43cd-b87d-72c94788af54	unclassified	0	0	0	0	2495	1
8f80a3ba-56b1-4cb7-85f3-b052919d763c	unclassified	0	0	0	0	2043	1
db6577a2-e054-4584-a60a-05af27667585	unclassified	0	0	0	0	1167	1
3fcaabd6-174b-4504-9f0e-913820570521	unclassified	0	0	0	0	1296	1
06f86dfd-ba31-49e0-9395-a0a48e561ff6	unclassified	0	0	0	0	2158	1
ca708819-2516-4c24-95d5-397292e02144	unclassified	0	0	0	0	1750	1
75caf93d-8814-40c8-970c-be286c2b58c8	unclassified	0	0	0	0	3773	1
5ec84047-e04e-4d18-a959-9c6dd235e3cc	unclassified	0	0	0	0	2204	1
cd8bb967-1e23-496f-a93c-13cc447ff71f	unclassified	0	0	0	0	1318	1
63598289-efdb-4a55-a532-dc67ad90e71d	unclassified	0	0	0	0	2368	1
2b6ee9ff-60c0-4300-bb8f-73d9737f0fd8	unclassified	0	0	0	0	1326	1
3f6813a7-ba12-463e-b426-e71b366b0f79	unclassified	0	0	0	0	2179	1
3f7e65e2-5cf3-4eb6-96aa-f6186abf48fe	unclassified	0	0	0	0	1857	1
acee1be8-4702-4b42-9a9f-58bd106935be	unclassified	0	0	0	0	1905	1
8235b885-cbff-4f83-beb5-4fbcf946bf9f	unclassified	0	0	0	0	1537	1
9b14a06b-eecc-4f95-930a-fa91232b73d0	unclassified	0	0	0	0	3411	1
95d93775-a4d7-42ce-8f0d-174ae2bbe795	unclassified	0	0	0	0	2379	1
dbdcb48f-ef43-454a-91a7-b5c7a425e5fa	unclassified	0	0	0	0	1017	1
220e8cc3-052c-4f91-88ad-2ef85b24153d	unclassified	0	0	0	0	1445	1
ddc86789-d6df-46ee-890a-57d70d5d187c	unclassified	0	0	0	0	2649	1
d1cb85a6-42ba-4291-ae04-a430484ae6cf	unclassified	0	0	0	0	1505	1
753a4c4a-e879-4e8c-b569-2d00d082a0b9	unclassified	0	0	0	0	1252	1
4f380615-9548-4c34-8ae5-4a5e7c3b83f0	unclassified	0	0	0	0	1075	1
4756298e-385d-4644-8042-97862a5f733d	unclassified	0	0	0	0	1347	1
4e16a119-88e0-4f40-9ea9-96e3683e7df3	unclassified	0	0	0	0	1884	1
97119611-cdbc-4ae4-ac71-cdfc339a2f9f	unclassified	0	0	0	0	1025	1
cfb7398b-44cc-483a-9684-b6d524995e4e	unclassified	0	0	0	0	1074	1
96cf5758-1192-4783-9166-86c6380755f2	unclassified	0	0	0	0	1815	1
92875d9e-fe49-4e90-a82f-da643ee87194	unclassified	0	0	0	0	1045	1
d5b0e781-54dd-4344-8e41-4cc954dc0c37	unclassified	0	0	0	0	1473	1
2305b7eb-8b95-4e91-bfb4-2353b4623f14	unclassified	0	0	0	0	1473	1
3e0cfb85-7fcd-4dfd-b521-20ed550b3e2a	unclassified	0	0	0	0	5524	1
425564ad-2458-41a3-a861-c604ddc2328e	unclassified	0	0	0	0	1466	1
4d5a6798-1c08-4378-a98f-79047f5b0e7b	unclassified	0	0	0	0	1587	1
02afbad8-c872-4ce2-b797-9295229ba546	unclassified	0	0	0	0	1277	1
49367f32-b9c2-4b06-bd63-26c1ce36d372	unclassified	0	0	0	0	1016	1
297c03f2-9e26-4d82-8650-8ff6d372390f	unclassified	0	0	0	0	1275	1
188872e0-0a05-4964-9a6c-edc4ae6322f9	unclassified	0	0	0	0	1540	1
5ffe4422-1b47-461a-bce4-13ad9ee1b93e	unclassified	0	0	0	0	1522	1
36c5872d-5c93-46f5-8c0f-d86d10f5d46e	unclassified	0	0	0	0	1487	1
0f3c73ee-8cb9-4bb6-894b-1e78b0746db1	unclassified	0	0	0	0	5681	1
db6650a4-5f07-445b-8280-d43247b972d3	unclassified	0	0	0	0	1468	1
68e341e2-b123-4510-8e77-30719e519601	unclassified	0	0	0	0	1859	1
75c164c7-55d6-408b-b91e-85ff45bf8502	JQ083404.1.1391	25029	64	64	23	1430	5
75c164c7-55d6-408b-b91e-85ff45bf8502	AB694436.1.1401	24740	64	64	23	1430	5
75c164c7-55d6-408b-b91e-85ff45bf8502	HM008274.1.1487	25029	64	64	23	1430	5
75c164c7-55d6-408b-b91e-85ff45bf8502	AJ318176.1.1487	25029	64	64	23	1430	5
75c164c7-55d6-408b-b91e-85ff45bf8502	FPLS01020051.15.1518	24793	64	64	23	1430	5
ff138f3d-7fa2-4060-a7ea-e162baeab3c2	unclassified	0	0	0	0	3274	1
b09c9da2-8218-4de7-b216-13b5070eef94	unclassified	0	0	0	0	1469	1
c1502b03-eadc-436c-80d3-f0957bc81de3	unclassified	0	0	0	0	1386	1
ca199285-ed56-4319-8e39-fbb5c07a9840	unclassified	0	0	0	0	1282	1
963c3153-7168-42f0-ba30-3e97d2821720	unclassified	0	0	0	0	1111	1
03b69fe0-8a61-4ea3-9f35-3869f93f6df0	unclassified	0	0	0	0	2271	1
3d6ea391-71af-4e71-a14c-6b2234e7202d	JPOE01000002.514981.516490	0	81	81	24	1521	4
3d6ea391-71af-4e71-a14c-6b2234e7202d	genus	26384	81	81	24	1521	4
3d6ea391-71af-4e71-a14c-6b2234e7202d	KF100671.1.1359	0	81	81	24	1521	4
3d6ea391-71af-4e71-a14c-6b2234e7202d	KF070163.1.1332	0	81	81	24	1521	4
bfa5be41-8b28-45a8-bb3c-d1391a5dd6af	unclassified	0	0	0	0	1342	1
36b1f591-2f7c-4f3b-9048-0fb0041532b2	unclassified	0	0	0	0	1356	1
0b747fa3-e11d-45c8-934f-396b8867ddd1	unclassified	0	0	0	0	1338	1
89819f60-4109-4f89-af0c-cf495a168f35	unclassified	0	0	0	0	1234	1
e9810b81-2ffa-4a29-8677-9dc2608b7274	unclassified	0	0	0	0	1420	1
24c55e12-e688-4575-a88f-1a16861f97fb	unclassified	0	0	0	0	1108	1
8495fd09-290c-4e5a-b437-095da0d53f7e	unclassified	0	0	0	0	1455	1
7b1e4adc-bd73-41a8-8533-f33612fd7b74	unclassified	0	0	0	0	1314	1
28b2bfd4-1229-432b-89a9-bfae49cafd19	unclassified	0	0	0	0	1502	1
520c1e5f-6d88-448d-ab69-047f1f18f3cc	unclassified	0	0	0	0	1431	1
339af582-4caf-4ecd-92e2-3058b160f6a8	unclassified	0	0	0	0	1255	1
7ccb84b2-20ae-41f1-ba40-e0c080ecd067	unclassified	0	0	0	0	2079	1
719051ee-2970-40e2-b2de-00bd0925d8ac	unclassified	0	0	0	0	1042	1
4b6e9da3-eccb-4c80-8742-052af9e48363	unclassified	0	0	0	0	1481	1
abb0b1a6-f345-447a-95f0-bdb94b1a15ff	unclassified	0	0	0	0	1324	1
debac388-ff32-4740-aa9d-eb6cc227e70e	unclassified	0	0	0	0	2160	1
75c2c3d6-1839-4e4a-a311-6b4ce39f1758	unclassified	0	0	0	0	1437	1
2729a5ce-8652-4327-a7df-e42c8eb2da9f	unclassified	0	0	0	0	1260	1
a2602481-1524-4cdd-882b-e53cbe0ffb85	unclassified	0	0	0	0	1304	1
da9d0233-a589-4777-a115-db199a07c0b1	unclassified	0	0	0	0	1146	1
05540f1f-d335-475d-a44a-ad5103f90af1	unclassified	0	0	0	0	2122	1
f56a6650-f48f-40fd-bd6a-fd85adc5ad7a	unclassified	0	0	0	0	1412	1
c6d41f45-aa36-416e-ab1a-eb4d0dcd9eb2	unclassified	0	0	0	0	1388	1
0a10b860-651d-46bb-9caa-57ee443d7a7b	unclassified	0	0	0	0	2001	1
057aa73c-5773-4536-8477-2b9f7b25a2d9	unclassified	0	0	0	0	1069	1
7438bcc1-d4b8-4a64-8cfe-b5f59cb37169	unclassified	0	0	0	0	1488	1
b5aa5e2b-212f-4d31-9c25-1f8ccf7078ea	unclassified	0	0	0	0	2140	1
3945951c-2949-4ced-95d3-acb60e9ff8bc	unclassified	0	0	0	0	1038	1
79628560-532e-497a-8fdb-fce1ada4ef8a	unclassified	0	0	0	0	1334	1
c9e38901-5231-498e-8d2f-f1f859027400	unclassified	0	0	0	0	1481	1
b5bd3b5d-88c5-41d6-97f8-536f1e20c573	unclassified	0	0	0	0	1940	1
081c9cac-4178-479d-ba41-4cdea9b76c63	unclassified	0	0	0	0	1364	1
ecc66f79-3904-404a-8729-b7f620f37858	unclassified	0	0	0	0	1952	1
ec2d6c6f-90b9-4778-aba0-67213669e2e5	unclassified	0	0	0	0	2702	1
234396ae-168b-4f3d-99e3-c6f2349eb6b3	unclassified	0	0	0	0	2253	1
c3387118-28d1-40c7-901b-00a8254e6a70	unclassified	0	0	0	0	2411	1
06204a48-1f68-429d-af9a-8da29d84a055	unclassified	0	0	0	0	4700	1
cfe574d9-aed1-4f2a-8b4d-e6cdc2445c88	unclassified	0	0	0	0	1476	1
88c67cbc-c0f3-4132-b238-952d337d79d3	unclassified	0	0	0	0	1596	1
b85adf55-9d7c-444b-8c1b-1cbf577a12e9	unclassified	0	0	0	0	1444	1
8417a108-9daa-43d2-86c1-bcdc5af04895	unclassified	0	0	0	0	4318	1
a4ebc459-ba61-4e71-b48a-ecfdbab9fd9b	unclassified	0	0	0	0	1498	1
b46d1c6d-d169-41a2-8047-b48524964db5	unclassified	0	0	0	0	2112	1
46fcdfc3-2685-4c21-a9df-89a7ef7c38da	unclassified	0	0	0	0	1230	1
76f0fea5-95e6-4cdb-8bde-92fb11116b31	unclassified	0	0	0	0	1612	1
4d518b5e-e0c7-4efa-b22b-b6cf81f68002	unclassified	0	0	0	0	1116	1
67016dbb-fb43-4af3-be68-0676ad8ee353	unclassified	0	0	0	0	1565	1
2ac20389-74c1-4c17-b918-88c4068b5903	unclassified	0	0	0	0	3977	1
d4a16a47-1974-48a7-86ed-fe2826beb854	unclassified	0	0	0	0	1122	1
9c91a4d0-bceb-49fe-ae3a-eeb3683b68dd	order	27008	250	250	52	1447	2
9c91a4d0-bceb-49fe-ae3a-eeb3683b68dd	family	26981	250	250	52	1447	2
8a99f623-e9f0-4cb5-86fe-399f315c5cb6	unclassified	0	0	0	0	1458	1
e3f09df3-fe55-4149-aaea-4a0a11fe949d	unclassified	0	0	0	0	2167	1
4eb8c7d3-10b8-4ccd-a6be-0743482798e9	unclassified	0	0	0	0	1107	1
9b3b27a4-3698-4365-9d72-ee8d7a7297c2	unclassified	0	0	0	0	1306	1
0d6e55a3-39e2-43fb-b6c8-7f2922a7626c	unclassified	0	0	0	0	1124	1
6c039914-52cc-4dd0-ab2d-41049d9499e3	unclassified	0	0	0	0	1695	1
7501a719-a538-45be-a2ad-2574c112ad5c	unclassified	0	0	0	0	1542	1
479e9653-1468-452d-acc5-af8cd9bb2f88	unclassified	0	0	0	0	5614	1
3b5a232e-2f44-48eb-9bf2-215432567397	unclassified	0	0	0	0	1011	1
a6dbafdf-c580-409f-98f9-d08962bc8453	unclassified	0	0	0	0	2513	1
f84d1359-df7c-42bc-b1b4-5f94a918f6b4	unclassified	0	0	0	0	1758	1
0a6ecf1e-6643-4187-b96d-07478cc0156d	unclassified	0	0	0	0	1550	1
6183d8bf-02fe-4f2b-a9bc-cf2641c0d28b	unclassified	0	0	0	0	1470	1
40d8e093-7bb8-428d-885a-67f5cf0317ea	unclassified	0	0	0	0	1462	1
ca5dd030-cd63-4ed0-9e51-d7c68afbf471	unclassified	0	0	0	0	1362	1
c19acbd5-da9a-4ff9-a19f-c7e01527a5a6	unclassified	0	0	0	0	1789	1
9790ca86-50db-42a1-82b7-b555add4f100	unclassified	0	0	0	0	1480	1
c3f8d699-fd7c-45b5-b195-14a2ece864e3	unclassified	0	0	0	0	3081	1
bfdd9e4a-6a0a-4fbd-80cb-e3e58ff179d3	unclassified	0	0	0	0	1501	1
ee11eef9-43f7-439b-b0eb-235ebfd722fd	unclassified	0	0	0	0	1702	1
73437975-1fbb-48d8-a780-8899255f8759	unclassified	0	0	0	0	1079	1
48dfa439-6e00-46bc-9953-715bcfcdc5eb	unclassified	0	0	0	0	1702	1
f59f68ee-f8e4-49a6-9a6e-e4812883eb71	unclassified	0	0	0	0	1464	1
e94ef019-90c0-4719-a044-10eab6c68045	unclassified	0	0	0	0	1438	1
84a84713-615b-40cf-a7a8-e324b4f10745	unclassified	0	0	0	0	1197	1
16c1d995-f57f-48d1-b424-9b95a01faa11	unclassified	0	0	0	0	1172	1
32a43990-9e71-4429-92ca-3dde4a316171	unclassified	0	0	0	0	1470	1
e46fdb01-7057-4fce-9a49-02f3e52de2ce	unclassified	0	0	0	0	1862	1
cf3be768-b981-4576-9f45-a41ff903e781	unclassified	0	0	0	0	1046	1
1875c4be-f587-48b7-8f21-f471e9c8c979	unclassified	0	0	0	0	1268	1
db8b3540-bcfa-4999-8830-5dd20a89fdac	unclassified	0	0	0	0	1140	1
35b0143e-6068-4cac-9f55-9c461475c0af	unclassified	0	0	0	0	1108	1
4ee54596-54f5-43b5-89f8-ce535bef3e04	unclassified	0	0	0	0	1773	1
6fd7d89d-4885-47fa-9cad-ed69a50cf66a	unclassified	0	0	0	0	2295	1
0e36b40a-38d5-4425-80d1-edb822e4ae1e	unclassified	0	0	0	0	1464	1
01b07411-68e3-404b-ae2a-8d8cc5dc7002	unclassified	0	0	0	0	2317	1
ef128c9d-a857-44ef-bacb-4b185cdcb5f4	unclassified	0	0	0	0	1459	1
a1717b5d-0d31-40c4-992a-49028df3abf4	unclassified	0	0	0	0	1319	1
2b058768-d6be-45ff-ab40-04162c23f486	unclassified	0	0	0	0	1364	1
9d1d8fe2-c327-40dc-aa72-0afe6b969048	unclassified	0	0	0	0	6286	1
a96aabb9-e903-4463-aaf2-8af70dcaa3eb	unclassified	0	0	0	0	1788	1
75922015-aa15-4a55-8a41-014a8be8bf76	unclassified	0	0	0	0	1951	1
54349002-05fb-4c5f-aa9f-65fc0e4f024e	unclassified	0	0	0	0	1581	1
25e91720-1066-4809-b628-16e2fced7254	unclassified	0	0	0	0	1515	1
0087e635-3bed-43eb-aff2-42d8bac7472d	unclassified	0	0	0	0	1424	1
10bcc39c-5142-4c3c-8414-9c68a9051ce9	unclassified	0	0	0	0	1470	1
a71e7f4e-f25f-4d6c-bbdb-9b6bed267541	unclassified	0	0	0	0	2006	1
8ecc219e-d939-45f1-aec2-dfebdb278e2b	unclassified	0	0	0	0	1043	1
75d1c37f-ad13-4754-8b59-5db35775609f	unclassified	0	0	0	0	2562	1
564bb0a3-dcd7-457c-8fa5-874dfdcdad56	unclassified	0	0	0	0	2341	1
cd105936-95ba-4f78-a949-a41beb958355	unclassified	0	0	0	0	2611	1
2ec08267-0a80-4726-8ed1-940554e4c02e	unclassified	0	0	0	0	1484	1
47875af8-0d10-45bf-a7af-190d38aba4a5	unclassified	0	0	0	0	2774	1
3131e71a-4d6e-4653-b228-b61bdbb5d426	unclassified	0	0	0	0	1924	1
03d86138-0499-4371-95a9-2b2fc82b8090	unclassified	0	0	0	0	1301	1
d0ebe470-dc22-4019-8c7d-24b1bee899d2	unclassified	0	0	0	0	1024	1
e2e2dec3-d713-4807-a8cc-f8a4f82822b8	unclassified	0	0	0	0	1432	1
9a432c4a-7e67-442b-8249-bb69b0832ae7	unclassified	0	0	0	0	2604	1
e664f134-5a1c-4401-ac54-cf674c548afc	unclassified	0	0	0	0	3133	1
5787db31-d195-4c8b-9169-cdbdda5f5b30	unclassified	0	0	0	0	1569	1
25cbecbd-8574-401b-b3c2-8ea15f7ad52a	unclassified	0	0	0	0	1097	1
462ea664-0f59-4ef8-a201-170e23102d0f	unclassified	0	0	0	0	1620	1
f1970be0-c521-4ea7-8114-d2ad24a60f93	unclassified	0	0	0	0	1487	1
7cd79214-5bfc-4c65-83c8-1e805cb7aea6	unclassified	0	0	0	0	1652	1
e0f3f6ae-0717-44fe-a8a0-810e9790580f	family	2558	81	81	24	1428	3
e0f3f6ae-0717-44fe-a8a0-810e9790580f	genus	2285	81	81	24	1428	3
e0f3f6ae-0717-44fe-a8a0-810e9790580f	genus	26868	81	81	24	1428	3
9c618146-a4fc-48d6-a7a6-27c6c525c31e	unclassified	0	0	0	0	1302	1
735d26a5-b985-43fb-a0ee-b41ac64650a5	unclassified	0	0	0	0	1359	1
25ca0a43-105b-40de-a559-fbbe17eecd17	unclassified	0	0	0	0	1513	1
d9d82567-485b-49ee-9047-db21dd12bd86	unclassified	0	0	0	0	1459	1
56acee20-e3d7-4cfe-be2f-3de4557e94a8	unclassified	0	0	0	0	1505	1
638c2239-2784-45b0-9ca4-32f675c5fbfa	unclassified	0	0	0	0	1285	1
7048ada4-0cff-40d4-87d0-7740fdbfa4be	unclassified	0	0	0	0	2330	1
ad78f3ec-edeb-4187-8bb6-12122641aabb	unclassified	0	0	0	0	1381	1
0e9a69a1-08b9-4308-b053-e1c4b1163336	unclassified	0	0	0	0	1060	1
8de70fa7-acbc-485a-8c2b-c76237216aa4	unclassified	0	0	0	0	2831	1
85490dcf-11d5-4b18-b79d-acab428a2dab	unclassified	0	0	0	0	1143	1
d42687e8-6d97-42ce-8206-48369f9204cd	unclassified	0	0	0	0	1335	1
40ae49d1-23c6-41b4-b8cc-24c4bcefa362	unclassified	0	0	0	0	1401	1
e10ce26a-2492-42ca-a159-bf9028aba1d5	unclassified	0	0	0	0	1391	1
dbed5464-2827-4162-b766-849309c58caa	unclassified	0	0	0	0	1901	1
5e87cf4c-ce62-45ad-a297-7a553ed008fa	unclassified	0	0	0	0	1195	1
ce7a063b-88aa-4528-8ae0-6bc06b370692	order	1863	144	144	27	1515	3
ce7a063b-88aa-4528-8ae0-6bc06b370692	order	25075	144	144	27	1515	3
ce7a063b-88aa-4528-8ae0-6bc06b370692	class	912	144	144	27	1515	3
d86835fd-b366-44a8-b879-cc66a87e9c21	unclassified	0	0	0	0	2315	1
ac1a3952-0e72-465f-900c-067325269777	unclassified	0	0	0	0	3461	1
6aa20589-2079-43c3-a185-019fc447b4db	FPLS01002541.17.1552	26282	81	0	24	1506	1
c6d66037-9c89-42c9-b27a-87cc33196c26	unclassified	0	0	0	0	1898	1
739c8ede-acdf-4c26-853a-afdd04b2ab4b	unclassified	0	0	0	0	1155	1
544cecdf-6a26-4db6-bc63-dd986ef84807	unclassified	0	0	0	0	4312	1
1cfd11e3-08b4-4b63-9be6-706bfc887678	AB731623.1.2465	13298	169	121	28	1718	1
47c02bc3-5bee-40c4-8889-ad894b2512e1	unclassified	0	0	0	0	1192	1
c034057a-02d5-46a0-9f8d-6a260f9ac8f5	unclassified	0	0	0	0	1448	1
eec45fe0-6725-41d7-8ff0-87784827c866	unclassified	0	0	0	0	1591	1
d1106316-c0ac-4281-91e5-a1118022b1ae	unclassified	0	0	0	0	1251	1
931ecb00-aed4-448e-b1fb-7e467e9223cb	unclassified	0	0	0	0	2130	1
dc6eb748-cd6d-4862-a55b-f6563351c3ec	unclassified	0	0	0	0	1440	1
1cedf21c-54ee-4b67-97df-bf98852e5e16	unclassified	0	0	0	0	2165	1
cdab9762-3fb0-48e0-8e92-32f5ea2abdfd	unclassified	0	0	0	0	2087	1
1fd18078-91e5-4447-a281-971179b8266d	unclassified	0	0	0	0	1095	1
2f1fd6bc-df14-49d7-94f2-98a0c083098e	unclassified	0	0	0	0	1968	1
c6b7142e-3217-4617-a9af-09869802db7f	unclassified	0	0	0	0	1557	1
d99691b8-bbe4-49bf-b343-94839e78b9a4	unclassified	0	0	0	0	1085	1
1b40f4aa-f50c-4795-bf07-4241984af3e2	unclassified	0	0	0	0	1447	1
7d214949-fdaa-4e32-b27e-6381fd17e169	unclassified	0	0	0	0	5519	1
bfb70782-0c62-4bdc-a9ff-79f422b906de	class	4029	81	81	24	1490	5
bfb70782-0c62-4bdc-a9ff-79f422b906de	order	24575	81	81	24	1490	5
bfb70782-0c62-4bdc-a9ff-79f422b906de	order	24445	81	81	24	1490	5
bfb70782-0c62-4bdc-a9ff-79f422b906de	order	26341	81	81	24	1490	5
bfb70782-0c62-4bdc-a9ff-79f422b906de	JX504405.1.1552	0	81	81	24	1490	5
d66578d7-1e01-44e2-8646-f9843c74b343	unclassified	0	0	0	0	1410	1
afa4d88f-4235-40c2-a669-4fa5c75cae2d	unclassified	0	0	0	0	1353	1
d8c484d5-c6bc-4f2d-835c-f44c457f922a	unclassified	0	0	0	0	1347	1
b625b7bf-8962-4204-bc98-07ade514645f	unclassified	0	0	0	0	1269	1
86f25f6f-8890-4ebe-9f7f-1636b4fd0522	unclassified	0	0	0	0	1724	1
ef4f02b4-5be6-46a2-83ca-c0090659fc91	unclassified	0	0	0	0	2112	1
e2fd714b-a978-4c70-87bd-c5bb753b5195	unclassified	0	0	0	0	1038	1
7dabbf82-9b2f-4c21-914d-11d8d97d1d32	unclassified	0	0	0	0	1433	1
2357cdac-5e9a-48bd-9532-7230b0768f83	unclassified	0	0	0	0	5050	1
671d6d25-ea38-4466-bb79-b788b2adc864	unclassified	0	0	0	0	3290	1
ae2bf147-24cd-4229-9074-addc2ec74482	unclassified	0	0	0	0	1182	1
1b54c264-7747-4c7f-9836-bb9292fd8486	unclassified	0	0	0	0	1217	1
ed3aab6e-374a-4485-9dce-56705d4167d8	unclassified	0	0	0	0	1698	1
3d8f69c4-98cc-40e2-b3b7-d249bd49477e	unclassified	0	0	0	0	2170	1
2e5bdc14-3e8f-44b3-a6cb-d9805a76f5f9	unclassified	0	0	0	0	1157	1
c932b8d2-b359-4a5a-b04a-bc5c1b2959bf	unclassified	0	0	0	0	2337	1
9a1f5033-e0a3-46f7-9a5b-8f2ed42a9b70	unclassified	0	0	0	0	1533	1
59f64701-3051-4898-b1ac-c66e49ea2ba7	unclassified	0	0	0	0	3780	1
89f2831d-600d-403f-a6e6-fc812c29dd42	unclassified	0	0	0	0	1087	1
b1577f47-7e35-4d96-ba75-2f25840da0b7	unclassified	0	0	0	0	2577	1
4f32968d-3a1f-4624-babe-d8071eb0a09a	unclassified	0	0	0	0	2339	1
725f6a19-dc64-4623-9621-d8ab0d05933c	unclassified	0	0	0	0	2197	1
36044a42-f375-41fa-8c0b-47da79396744	unclassified	0	0	0	0	1127	1
1f918572-6c51-44ad-b139-edc5c0730214	unclassified	0	0	0	0	3316	1
66fdbe37-6d6b-43c9-bc2a-353fd09531b5	unclassified	0	0	0	0	3326	1
860b465e-e070-402b-b31a-ad84c7b51ed8	unclassified	0	0	0	0	3056	1
ecb6587d-2eee-43f2-ab78-a7336aa090c0	unclassified	0	0	0	0	2041	1
29112124-012a-4fb3-9943-99eaa2f3e823	unclassified	0	0	0	0	3169	1
20e3f36e-02c1-4372-853e-10451ae6eb9b	unclassified	0	0	0	0	1085	1
46792329-3af7-46a6-b6f1-871b18f827e3	unclassified	0	0	0	0	1334	1
5b18823e-d4e0-45e0-94e2-4f2f5e5383de	unclassified	0	0	0	0	1314	1
827d1ba3-1f68-440f-bbea-465746d08f6a	unclassified	0	0	0	0	2055	1
d83467e3-7142-419c-a61a-ccf9b4736cac	unclassified	0	0	0	0	1031	1
e16e337d-9e71-46da-a262-ba2f2ad6d96e	unclassified	0	0	0	0	1478	1
fcdcee1e-af76-49f3-ae61-01643ab8122c	unclassified	0	0	0	0	1890	1
38dec283-d48c-46db-8537-4aa24c55dbca	unclassified	0	0	0	0	1522	1
acbf2f17-22b0-4696-b96f-72ea24853a8c	unclassified	0	0	0	0	1283	1
2e219269-ed59-4158-9e63-04adb3af50fd	unclassified	0	0	0	0	1524	1
416d053e-5ebe-463f-9fd7-7a961be8e41a	unclassified	0	0	0	0	2681	1
e7ff5a29-4eb4-42a9-b93f-ffb77c2f1d1a	EU644228.1.1444	25004	64	64	23	1176	4
e7ff5a29-4eb4-42a9-b93f-ffb77c2f1d1a	JN440272.1.1330	25448	64	64	23	1176	4
e7ff5a29-4eb4-42a9-b93f-ffb77c2f1d1a	JN454829.1.1389	14244	64	64	23	1176	4
e7ff5a29-4eb4-42a9-b93f-ffb77c2f1d1a	DQ232416.1.1294	25024	64	64	23	1176	4
1409ebe4-8106-42c5-8d18-432b6fa48bc9	unclassified	0	0	0	0	1115	1
0064179e-8a71-47cb-8de4-446da2e19007	unclassified	0	0	0	0	2248	1
7f210be6-5548-4bd3-acc0-2b771b815b95	unclassified	0	0	0	0	5984	1
439105f6-518d-400e-bff2-f217181d74d4	unclassified	0	0	0	0	5826	1
dea823b6-3ceb-474c-894d-cb46b014a384	unclassified	0	0	0	0	4951	1
2f71fb9d-814c-447a-81e7-5f687eb17fc2	unclassified	0	0	0	0	1206	1
40f117db-f425-43fb-9df7-a7f52abc9f38	unclassified	0	0	0	0	1409	1
333931b2-2e8d-4d1d-a683-f58cbf48608d	unclassified	0	0	0	0	3707	1
e7d92502-6fae-4f54-afb3-216d60708aee	unclassified	0	0	0	0	2867	1
da5993bc-7cf2-49a4-9995-9d9f955f9b30	unclassified	0	0	0	0	1073	1
35f02769-14c4-472d-a0ef-52b677fac7c4	unclassified	0	0	0	0	1335	1
dd25b33f-acb8-444c-a340-53e928fa1aa9	unclassified	0	0	0	0	1717	1
a75c36ad-9171-47e3-aa48-ecc6e184036e	unclassified	0	0	0	0	2137	1
efe38574-4cde-42ca-b0bb-9a3e81425ebf	unclassified	0	0	0	0	1809	1
119b109d-0af9-4186-8171-96bfef3033db	unclassified	0	0	0	0	2346	1
0ceff235-f2a9-4f9b-852a-9f60fff3e0f3	unclassified	0	0	0	0	1988	1
2912ba7d-eea2-451e-82a5-dcc90b996afa	unclassified	0	0	0	0	1329	1
12b2ef59-4154-4c9e-ba5c-831b10d71014	unclassified	0	0	0	0	4926	1
366165a1-6e2d-48d1-b459-a8a8656647ac	unclassified	0	0	0	0	1696	1
a9aeb562-9066-4e2f-8272-527332446d97	unclassified	0	0	0	0	1796	1
f6836fc5-7c8f-45ad-8d11-cc66f3bd9e84	FPID01000441.3.1434	3504	64	0	23	1513	1
48d61a26-6a36-438a-a910-8f17189fa9b0	unclassified	0	0	0	0	1862	1
c638e5de-9162-463c-9c99-49adf22105ec	unclassified	0	0	0	0	1416	1
d4a3fe2c-7005-4370-b9e0-280da9d07ac7	unclassified	0	0	0	0	2079	1
62fb894d-dfa7-4ab7-8e67-3669d1561f90	unclassified	0	0	0	0	6478	1
b41bdf5d-166e-45cf-a4d8-58772dfba3bc	unclassified	0	0	0	0	1461	1
4bcfa74a-6fd4-48c6-939f-4f2bfd45eeb5	unclassified	0	0	0	0	1576	1
428c2aa8-ea40-40e8-a8a8-77ca1a38d841	unclassified	0	0	0	0	1557	1
b3dc8f0c-8d81-4f43-9338-fc7b903d4ac3	unclassified	0	0	0	0	1997	1
8bb66109-ed09-44ba-b668-8d6390aae3ea	unclassified	0	0	0	0	1313	1
c44065e9-9750-44e9-ab68-543ded4dfb93	unclassified	0	0	0	0	2026	1
bf7cf7e3-c6be-4a1f-8ddc-60dd4334ab9f	unclassified	0	0	0	0	2151	1
6865015a-3f3f-4119-86e0-4e2aa5f7e8c9	unclassified	0	0	0	0	1129	1
4378a6eb-0b37-4e11-8363-b813b6e70256	unclassified	0	0	0	0	2188	1
53de0dc4-504a-4a4c-b814-5f3f06583fb7	unclassified	0	0	0	0	1095	1
de177035-0c26-4834-9dae-e7a717359742	unclassified	0	0	0	0	5595	1
3f044e4e-a289-4032-a324-7d2b09653f86	unclassified	0	0	0	0	1128	1
1c35db1e-2c83-40fd-8a5c-8ba240c80295	unclassified	0	0	0	0	1820	1
41b68cb5-4b71-4d4e-b23d-a49dacd84f39	unclassified	0	0	0	0	1386	1
429483f9-0f6c-4c11-b173-a1f2940555a7	unclassified	0	0	0	0	1695	1
89d70a07-1ab8-4338-a1bf-6c725d0abc79	unclassified	0	0	0	0	1128	1
f1a46d81-a031-41fb-85f7-b4051ebec9d5	unclassified	0	0	0	0	1176	1
ddb41d80-9d07-4e38-9f42-c4155d51ffee	unclassified	0	0	0	0	1550	1
a60686c6-2696-40c7-91f4-c254254a30a1	unclassified	0	0	0	0	2468	1
52a91564-8d27-4209-9283-2417a234dccd	unclassified	0	0	0	0	1391	1
e50b0aeb-28b0-4bff-bc97-0f03417e4122	unclassified	0	0	0	0	2354	1
b958b04e-9e85-4d35-b64d-25dd8ad0cc95	unclassified	0	0	0	0	1538	1
147e8d58-28ce-405a-9913-31ec4cf6f54f	unclassified	0	0	0	0	1346	1
a2eeb00d-8f29-4ea4-823d-d205852db8f9	unclassified	0	0	0	0	1202	1
3c7a12fd-a66f-4975-a21b-8391323929e7	unclassified	0	0	0	0	1348	1
a6b78cba-5018-486b-b3a2-08333d773f81	unclassified	0	0	0	0	1412	1
5d17904f-cb47-4746-8207-33534cc379d3	unclassified	0	0	0	0	1310	1
876edff6-12d2-491d-9cfa-d0644c7e05d5	unclassified	0	0	0	0	1461	1
496cba61-5153-42eb-8a47-17db7b991ce1	unclassified	0	0	0	0	1472	1
57f9d8df-a3f2-41f4-92d6-1d4d796c0089	unclassified	0	0	0	0	2712	1
cd154b5a-6c0d-43c9-b3f5-604545784496	unclassified	0	0	0	0	1531	1
44aa34b4-3692-4054-b945-4c58743e5688	unclassified	0	0	0	0	1410	1
b516ff9c-21ad-47f3-ba39-160681d6c37c	unclassified	0	0	0	0	1257	1
50de3536-bb32-41f3-b9ae-e6ea15576be6	unclassified	0	0	0	0	1395	1
1060e27b-8672-4000-8ea3-d8c03046bbb1	unclassified	0	0	0	0	2741	1
3c2174aa-ad02-4407-aed3-8078af490049	GBHC01003614.162.1961	13141	4598	4598	194	6020	2
3c2174aa-ad02-4407-aed3-8078af490049	GBHE01000284.4.1802	13141	4598	4598	194	6020	2
7b8bca50-7a5f-4919-aeb4-7c73871287c7	unclassified	0	0	0	0	2892	1
e5551851-c19d-4596-9b40-03954adf547d	unclassified	0	0	0	0	1459	1
a16181e9-86bc-4f95-8933-64026fcb932c	unclassified	0	0	0	0	3238	1
968e2e00-c3ff-4612-bc9e-b97796742754	unclassified	0	0	0	0	5235	1
daf12f87-453a-4894-999d-bacecfd8813d	superkingdom	3	64	0	23	1550	1
8871be45-5a14-4dad-862b-8cb9062c79bd	unclassified	0	0	0	0	1529	1
3b8f562a-eb55-4da3-8fc8-ca5fd3eea844	unclassified	0	0	0	0	3060	1
6165758e-7907-4112-b421-4cf1d593ca74	unclassified	0	0	0	0	1429	1
4bc23bb2-47b2-4160-bced-e7646a8de39a	unclassified	0	0	0	0	1457	1
2c589c7f-dbaf-4269-b177-832cb695ed04	unclassified	0	0	0	0	1474	1
61985b1e-2c2e-4bab-8bba-3f902f029993	unclassified	0	0	0	0	1477	1
1354f9f7-ca98-4f57-9d32-51146d213bd5	unclassified	0	0	0	0	1207	1
2760ecf0-53c7-44e0-bebd-fb5da8df6988	unclassified	0	0	0	0	1011	1
12a9a059-b7e7-43c2-80ff-20951a0210a2	unclassified	0	0	0	0	1388	1
9a3ee942-43e6-4336-be7d-a0a7e43ab440	unclassified	0	0	0	0	1634	1
ab3492f0-4161-4fc8-9dd6-e57ca5c32bb6	unclassified	0	0	0	0	2829	1
28c36e82-1f2c-4266-a726-d8a03bed667b	unclassified	0	0	0	0	1900	1
86842a53-1913-4e3c-981f-a06088839d86	unclassified	0	0	0	0	1477	1
f14197d7-f9ea-48e4-9fc1-305ffcd68f69	unclassified	0	0	0	0	1005	1
ae731b6b-3929-4eaf-8229-2f22013c0a73	unclassified	0	0	0	0	1353	1
a3d59404-b53f-4ea4-a38a-80ec19051806	unclassified	0	0	0	0	1422	1
dedb2f15-8c74-4292-b817-68e5d300bd03	unclassified	0	0	0	0	1759	1
a3316819-a885-43ad-b8e8-074063cbb044	unclassified	0	0	0	0	3783	1
ae4662a8-7b4f-4707-b4b6-d7e0a979c7f5	unclassified	0	0	0	0	1197	1
f56e26c9-5e90-4a8b-893d-47c366bd8475	unclassified	0	0	0	0	2122	1
bdae84b7-b911-4940-a3fa-7e613d31a996	unclassified	0	0	0	0	1456	1
4afef4cb-052d-4bbb-8e83-96a9db176d4e	unclassified	0	0	0	0	1084	1
038521f9-b4fc-467e-a007-abdef223cb71	unclassified	0	0	0	0	1460	1
c1384708-7121-47d5-bdd0-6a7078896c60	unclassified	0	0	0	0	1727	1
f07538d1-88a3-4962-9b9d-90ae94471caf	unclassified	0	0	0	0	1548	1
1a456a08-9c8e-4109-97c1-de93465c0a7c	unclassified	0	0	0	0	1201	1
2dad6b71-455e-46ef-b2e2-4dec65faa930	unclassified	0	0	0	0	1944	1
be5dfb38-e5e7-4e99-9343-df580fcb8803	unclassified	0	0	0	0	1471	1
4eae87ac-42bc-408b-a3d1-68a050cbdb8b	unclassified	0	0	0	0	1365	1
dbf7f3cf-5493-4d70-b9ea-8f4eb5874666	unclassified	0	0	0	0	1846	1
a09ece06-2086-4dec-9f61-3a19404db8c4	unclassified	0	0	0	0	3713	1
df406b36-85a6-4020-a816-d61b60535383	unclassified	0	0	0	0	1514	1
bf4471a8-d219-4032-9d5b-5de383d852f8	unclassified	0	0	0	0	1615	1
06a3fc32-5ebf-4a54-9596-e39282d6a018	unclassified	0	0	0	0	1838	1
54df3b60-bbed-4cf4-aaf8-da3e57706695	unclassified	0	0	0	0	2796	1
a04621b1-5d5c-4e05-a3c8-805fd437f74f	unclassified	0	0	0	0	1522	1
bd15c162-750a-4d80-b897-ae8ed639439e	unclassified	0	0	0	0	1385	1
da0ac4d5-3b12-47e1-95b2-f5831ab31766	unclassified	0	0	0	0	1523	1
16589e9c-22d3-4856-a7ad-31676422362e	unclassified	0	0	0	0	1413	1
21681942-6729-43a6-ae29-5c4ceed8f7ee	unclassified	0	0	0	0	3777	1
2a586f5e-3df4-4d44-ac56-bb8a751770a6	unclassified	0	0	0	0	1185	1
0d77f94a-da4d-4572-a688-8d1b0cdf97f6	unclassified	0	0	0	0	1115	1
4175fdc4-b27d-4021-8fa4-94f699273170	unclassified	0	0	0	0	1368	1
7c1985d8-3dc9-4077-98b6-65c3dbb608b0	unclassified	0	0	0	0	1457	1
8b69d601-7ac6-49bc-be6b-d880b0e64bae	unclassified	0	0	0	0	1136	1
778b316d-635c-417d-b676-3510f59ee16e	unclassified	0	0	0	0	1617	1
e1bae122-f51e-44d2-8a7c-1698cb6b5c95	KU892723.1.1441	3400	81	81	24	1526	2
e1bae122-f51e-44d2-8a7c-1698cb6b5c95	KP704422.1.1484	3513	81	81	24	1526	2
9e043968-04bf-403e-8e7d-af9acbe8349d	unclassified	0	0	0	0	1468	1
935a425f-64c8-45b3-8a1a-63da292e4871	unclassified	0	0	0	0	1241	1
a4ce86dc-0c0f-4e5d-8b6c-59a3b2db3435	unclassified	0	0	0	0	1499	1
8f36471d-16d7-4089-a526-c74f23024382	unclassified	0	0	0	0	1421	1
8ce59ae6-533b-4f8e-972a-632a3e9447de	unclassified	0	0	0	0	1434	1
6cbdc0ae-39e5-4082-905c-879b27fcbce4	unclassified	0	0	0	0	1471	1
c9adcf42-0fd4-43ad-982a-db674ae7a7e1	unclassified	0	0	0	0	1166	1
afcea5eb-6d38-4fae-b8d9-3154e1ca72c3	unclassified	0	0	0	0	2417	1
0bf6a022-e4c9-4e4c-9098-1bac9f548d00	unclassified	0	0	0	0	1487	1
ab58502a-d7f8-4c22-beab-a73856ad915a	unclassified	0	0	0	0	1762	1
26d8203b-02c6-4ed2-a1c1-0acbff113999	unclassified	0	0	0	0	3384	1
f10db7c3-5c87-4f65-be7c-48d5d4a81d0a	unclassified	0	0	0	0	2264	1
a17a6eca-892c-4b27-a1f3-c7460f8658d0	unclassified	0	0	0	0	1203	1
9932c764-eeda-4e76-adc8-3c170927687e	unclassified	0	0	0	0	1588	1
67ef3c58-7abb-4a83-ac28-42633d24d745	unclassified	0	0	0	0	1172	1
22cb7556-6e01-4e35-b51b-3c59bba03057	unclassified	0	0	0	0	1420	1
c26c8c16-5077-4a82-add9-98a2e27e5ba2	unclassified	0	0	0	0	1981	1
d9c97b71-0e31-4516-a8a7-aa37b7a32f24	unclassified	0	0	0	0	1508	1
bcc3f678-7762-4cf5-8789-216b0efb604a	unclassified	0	0	0	0	1460	1
a5714c7d-894b-4968-b3a4-1496c3123c5d	unclassified	0	0	0	0	1465	1
af3aa45f-3a81-4c7d-95bf-276da35e8a82	unclassified	0	0	0	0	1262	1
9cad0cf8-20fc-46bb-b11e-63789a0f49f6	unclassified	0	0	0	0	1064	1
12602811-d415-4864-bc6a-d98279b6c482	unclassified	0	0	0	0	1223	1
9068be36-dd67-4a47-b61b-0835b1727154	unclassified	0	0	0	0	1071	1
86c0774d-3669-4934-9089-34718b0f865f	unclassified	0	0	0	0	1972	1
08ae4cfb-81b0-4c62-b5fd-d7a9f211c06a	unclassified	0	0	0	0	1324	1
880374d4-3545-49bc-b5fe-252b8aab9083	unclassified	0	0	0	0	1201	1
92e22a93-2651-4a69-b22f-69466dbe6a0b	unclassified	0	0	0	0	1469	1
3343efff-3a7f-42f6-a364-1eef656e7878	unclassified	0	0	0	0	1262	1
f536ebc9-2c74-44cc-92fb-c0b121326559	unclassified	0	0	0	0	1312	1
0b95f916-9e9e-42c7-80e6-a2d826dfaff7	unclassified	0	0	0	0	3424	1
222a9326-9568-47ef-a569-a9b6527bb01a	LVXX01000094.1603680.1605001	5145	64	64	23	1019	3
222a9326-9568-47ef-a569-a9b6527bb01a	AF124454.1.2392	13292	64	64	23	1019	3
222a9326-9568-47ef-a569-a9b6527bb01a	U94741.1.2950	4081	64	64	23	1019	3
79f853a1-d630-4c18-87f9-e0c63fd746ef	unclassified	0	0	0	0	2826	1
ff67bc9c-f9fa-4af1-afa5-2af76e9e6f0e	unclassified	0	0	0	0	1771	1
97685822-9e4f-4b4b-a807-e8cecd77c8f4	unclassified	0	0	0	0	1201	1
9e896274-aa69-43fc-9192-a006e462e791	unclassified	0	0	0	0	1775	1
229020a0-d40a-400e-b26d-1d4e49c75422	unclassified	0	0	0	0	1285	1
9e19ac28-6408-4059-9075-dd67a0feea6a	unclassified	0	0	0	0	1549	1
03430d9b-6c07-4d55-b720-ee0d4a541468	unclassified	0	0	0	0	2046	1
e5e7dd1b-a660-4bfe-b3e0-ba4736082bde	unclassified	0	0	0	0	1809	1
df1cc230-c769-4163-926a-098912e6691f	unclassified	0	0	0	0	2237	1
85d81235-0c55-4c10-af39-8fcb8f4e5991	unclassified	0	0	0	0	1414	1
d22cea46-0e72-4c76-8a49-c9c56e39780f	unclassified	0	0	0	0	1865	1
af717887-6372-4e6b-98c1-179f6b930de8	unclassified	0	0	0	0	2863	1
22754da8-a429-4943-a8e7-3c9db8f1c80f	superkingdom	3	100	0	25	1459	1
ec5463d3-6356-416d-bb0c-6a77f95be71f	unclassified	0	0	0	0	1598	1
2106064c-9b84-4202-a449-c57eee0b5bc8	unclassified	0	0	0	0	1515	1
c9e5a09d-06fd-4fe1-b447-bc4e168f45bc	unclassified	0	0	0	0	2488	1
6cc93ebc-0f00-4f5f-96ef-14532e9b991d	unclassified	0	0	0	0	3113	1
af36b8c8-80e5-446b-9ee3-c62040de5afd	unclassified	0	0	0	0	1547	1
a139dee3-66ec-4048-8bbc-507df31843df	unclassified	0	0	0	0	1060	1
ea459df2-6baf-443a-bd00-b18bf8eb2767	unclassified	0	0	0	0	1066	1
940d2dc1-31df-48e9-bc2f-9c1aaebc6053	unclassified	0	0	0	0	1760	1
6727ca83-448b-46ab-9acd-ddd1b14986e4	unclassified	0	0	0	0	2713	1
253cd706-1450-47da-8aeb-ed5e31a955c9	unclassified	0	0	0	0	1382	1
0f68e68f-20e9-45af-acb0-5684022e611d	unclassified	0	0	0	0	1601	1
d1bb4e28-01b6-42e8-b1b0-9c99078d685e	unclassified	0	0	0	0	1515	1
46d750cf-d50b-4332-b7f8-804f044539af	unclassified	0	0	0	0	1432	1
c336e05c-3216-4191-bfd2-d8f4804a5fe5	unclassified	0	0	0	0	1390	1
b541b17d-26cb-47cb-b1ab-88de38761d85	unclassified	0	0	0	0	1401	1
e1a216b1-2b25-4037-8143-f288d6acaac9	unclassified	0	0	0	0	1586	1
21e4d7a9-5f3b-4a06-976e-ddaa3ecb2f65	unclassified	0	0	0	0	1578	1
100e9b85-4879-4659-8fc9-67d4fc17cc10	unclassified	0	0	0	0	1497	1
1038ad6b-b381-48f1-83b0-d207e1aa17ad	unclassified	0	0	0	0	1521	1
4bc0cc76-1a9d-46b6-a193-6c20a6a9ebce	unclassified	0	0	0	0	3585	1
3a2ee697-73ce-4e71-942b-8ebbee41a133	unclassified	0	0	0	0	1545	1
6936f52e-bf40-4f4a-99c4-a636dc3944a4	unclassified	0	0	0	0	1331	1
2d144396-0890-4e64-a604-ce0888e65513	unclassified	0	0	0	0	3689	1
82f275c8-015f-4e53-a6c8-2e8544ca0866	unclassified	0	0	0	0	2916	1
cf6e694e-3ddf-406d-8745-14badd6d1a97	unclassified	0	0	0	0	1014	1
a8182a61-b0b2-417d-9985-05f53298bff7	unclassified	0	0	0	0	1099	1
1f4ec1d6-4d13-4402-a5de-f92bfa807729	unclassified	0	0	0	0	1631	1
f724c219-7fee-410e-8619-026bbe7101e0	unclassified	0	0	0	0	1887	1
1a636979-9099-45be-b2c0-74e44991b9cc	unclassified	0	0	0	0	1456	1
5c2301b4-8ece-40ff-9e21-db0caf8bd3d5	unclassified	0	0	0	0	1016	1
c8683770-0e9f-47a9-8ebe-94cca76ba62b	unclassified	0	0	0	0	1955	1
66bc013d-c751-4b79-a905-fe869d349e9f	unclassified	0	0	0	0	1426	1
bd056d9d-f9af-44ac-92cc-6ceb8cf4f07d	unclassified	0	0	0	0	1490	1
9569679d-db8a-4036-a30b-28223d9f455f	unclassified	0	0	0	0	1471	1
33c2f8d3-bf41-4c03-9816-a61f9eb3259e	unclassified	0	0	0	0	1060	1
ec802840-0217-4d49-a11f-c2474311659c	unclassified	0	0	0	0	1430	1
05351b19-3cef-4214-9423-c6a9e57466ba	unclassified	0	0	0	0	1387	1
93b94cc0-d291-4885-9b0d-91cab6b43760	unclassified	0	0	0	0	1428	1
7ecf83e3-31d5-4a7f-8cd1-2e988c101627	unclassified	0	0	0	0	1959	1
857e922b-bccd-47af-8621-109b7a4ea1fa	unclassified	0	0	0	0	1988	1
8537e07e-0d7f-44cc-9d81-e1304e3431ed	unclassified	0	0	0	0	2435	1
62eaf69e-158e-4412-8515-555898b8e73e	unclassified	0	0	0	0	1335	1
fe62c96b-b11e-4352-909c-d8534eea9960	unclassified	0	0	0	0	1381	1
9f5302b8-3286-493d-b5f9-5e98bc6a74d8	unclassified	0	0	0	0	1461	1
7d555a45-7ec4-4852-b7a6-76c86a7c2242	unclassified	0	0	0	0	1274	1
2a0e8fe6-0cf1-4584-84ff-8f01df449eaf	unclassified	0	0	0	0	1655	1
86b634ae-97ac-48d0-8bbe-99fa76128972	unclassified	0	0	0	0	1290	1
27519ffd-a123-47fb-8831-3536f351ae86	unclassified	0	0	0	0	1555	1
4c5ccbf9-e957-4942-a3c7-721f22b29250	unclassified	0	0	0	0	1138	1
0b182bf8-d1c5-4880-a2a5-6d62e2495334	unclassified	0	0	0	0	1309	1
77a1b9aa-028d-4fe6-9d4c-a53fb9e03d97	unclassified	0	0	0	0	1720	1
1403d9fa-ba90-404c-bcba-f9211f353e21	order	27008	121	121	26	1469	2
1403d9fa-ba90-404c-bcba-f9211f353e21	family	26981	121	121	26	1469	2
331fba28-ac9f-4545-862c-16a5aaf66f1f	unclassified	0	0	0	0	1258	1
3e0b412d-3655-40b2-87e6-c5f345e83910	unclassified	0	0	0	0	1363	1
48ec1242-bbc1-4859-b033-b1033fd63d90	unclassified	0	0	0	0	1561	1
4b663851-4f3d-4adb-8025-8d37bbffec0e	unclassified	0	0	0	0	1327	1
ac70c2c7-8f2f-448e-ae8a-1c3914115a85	unclassified	0	0	0	0	1501	1
e8e402e9-7874-4ee4-93cb-0b2b7ecf4ebd	unclassified	0	0	0	0	1496	1
f572ac60-b207-4616-9594-40b1659d6126	unclassified	0	0	0	0	1408	1
ab51da4d-3287-4ed0-a0ee-6c00ef97146c	unclassified	0	0	0	0	1503	1
a80dc23c-7796-491b-97f3-aa931bdff5ca	unclassified	0	0	0	0	1258	1
74849438-9fa8-4f51-b77b-30f71ac0d458	unclassified	0	0	0	0	1396	1
4e58256c-6e33-462e-bac0-39161a72d724	unclassified	0	0	0	0	1191	1
87cec5c0-fcc0-4499-8b87-2ece9f54df00	unclassified	0	0	0	0	1774	1
2d9b329d-3aad-447e-947c-285fee31e532	unclassified	0	0	0	0	1463	1
c256b22d-061e-4bd4-ad5f-5339eff4bec3	unclassified	0	0	0	0	1531	1
19250e2e-aac3-4650-9226-d18ad9af1d19	unclassified	0	0	0	0	1475	1
5c750566-0c36-4dbe-a13c-723fd5cabcf7	unclassified	0	0	0	0	1224	1
ebd439ac-3c17-4cb8-a058-c2d6a4424a16	unclassified	0	0	0	0	1520	1
430b655b-88a5-4bf8-ab29-d291ac5ea8b7	unclassified	0	0	0	0	1442	1
efe30088-e89c-4e7f-a163-a9685480c1b3	unclassified	0	0	0	0	1506	1
a4d18737-58a3-4147-812d-8bee614353bd	unclassified	0	0	0	0	2358	1
e1721848-d16d-4807-a8da-ede79140411a	unclassified	0	0	0	0	1478	1
cd73abd9-af60-4516-a47d-a225412d7b0f	unclassified	0	0	0	0	1058	1
9fa73c88-12c7-4c78-8bdd-467ad0166b82	unclassified	0	0	0	0	2795	1
1ad25131-c8ee-4b74-b1ff-719536412f48	unclassified	0	0	0	0	1452	1
4064716b-1f43-43d5-843a-0d1de4d3d141	unclassified	0	0	0	0	1459	1
008b13d1-277b-45d3-9edf-4feb12f58629	unclassified	0	0	0	0	1385	1
e28c56f2-1afe-4c06-9908-75a2a9d1416c	GBHE01000284.4.1802	13141	9745	9745	149	1622	2
e28c56f2-1afe-4c06-9908-75a2a9d1416c	GBHC01003614.162.1961	13141	9745	9745	149	1622	2
68827e5e-56ab-4aac-9465-dda46c735e1b	unclassified	0	0	0	0	1412	1
0a61b417-853b-4820-bb7d-3babdf6b7f75	unclassified	0	0	0	0	3899	1
fabb71ad-df74-4412-ad15-608deecfee88	unclassified	0	0	0	0	1386	1
751434d5-b96c-426e-bdb4-2b1833a00070	unclassified	0	0	0	0	1170	1
2643c2cf-5fbe-496e-9de0-e6eb4d5740d5	unclassified	0	0	0	0	1436	1
8a9371b1-551d-42cb-bf90-7925b48ccc6d	unclassified	0	0	0	0	1642	1
369ded61-a9ff-40cf-9c51-75ed34d1896e	unclassified	0	0	0	0	1472	1
b39dd281-3fe9-446c-81f2-db60c9edaa27	unclassified	0	0	0	0	1495	1
608dce8e-eb25-4696-ae27-00d2f65f993d	unclassified	0	0	0	0	1466	1
401c7f96-6738-4ecf-881a-cfb67cc4af7a	unclassified	0	0	0	0	1215	1
b60f45de-322a-47c7-a79d-b745c117d7a6	unclassified	0	0	0	0	1123	1
f64bbc92-eaf4-44ee-8e78-2efaef68e5dc	unclassified	0	0	0	0	1999	1
54938e7b-9552-478c-ab4f-b6643ef59672	unclassified	0	0	0	0	1170	1
43b1995d-7670-4934-87f6-8aa21358bb93	unclassified	0	0	0	0	1081	1
1698c991-114d-444a-9bc9-b415c42ec644	unclassified	0	0	0	0	1596	1
b20904ea-669a-47f7-81a2-a1c06cc60948	unclassified	0	0	0	0	1472	1
43dabec2-f707-4500-b379-d93bc1071059	unclassified	0	0	0	0	1478	1
1bb25561-1e6e-4424-bfe3-de71dc2c1635	unclassified	0	0	0	0	1574	1
17789354-6df2-4e98-84f4-84c1a6c39826	unclassified	0	0	0	0	1087	1
f90f4f52-d8ae-4941-9331-ee9a0bf238e5	unclassified	0	0	0	0	1308	1
40e4af93-ccbe-422e-b95c-2414299546e1	unclassified	0	0	0	0	2212	1
83cd6544-d55b-4d93-8111-7ec3e964fa6b	unclassified	0	0	0	0	1145	1
6ac09c03-4bd2-422f-b42a-34e51d768884	unclassified	0	0	0	0	1504	1
4f9b07b7-a508-4b3f-8ad1-1ed219b69597	unclassified	0	0	0	0	1379	1
15fc9d1d-2c7e-4a19-8426-e5aa739b9f34	unclassified	0	0	0	0	1611	1
00ad7ce6-e5e3-4bb6-b2fa-26f1b9a1332e	unclassified	0	0	0	0	1106	1
bb18ffad-01fd-4e9d-8549-7d873a889831	unclassified	0	0	0	0	1687	1
d60b5f78-ed8b-45c2-8f9e-d4c88c129824	unclassified	0	0	0	0	1584	1
2b20c5ef-cdfe-49b4-9d65-d51c6f905b71	unclassified	0	0	0	0	2009	1
b736d34b-3c25-4621-872d-dcb65cda063e	unclassified	0	0	0	0	1121	1
3af71aeb-41dd-4757-8a28-750bd7be4f73	unclassified	0	0	0	0	1341	1
16a9ab4f-ff58-4c48-ad1e-9ba19ae1a07e	unclassified	0	0	0	0	1271	1
44e4521b-b712-420c-bbd9-d3cd65db1edd	unclassified	0	0	0	0	1167	1
14a7f045-bf70-404b-b6fe-da53e32e8675	unclassified	0	0	0	0	1331	1
f49f0e96-4317-435b-bab8-480b2b9cd4f4	unclassified	0	0	0	0	1357	1
56940c0d-6507-4eae-af2f-9c4a78b4ae34	unclassified	0	0	0	0	1050	1
fdf3f0a8-3f11-40e6-bc4e-5f067c8030ad	unclassified	0	0	0	0	2682	1
34101575-2e89-497b-8307-fdef12809acf	unclassified	0	0	0	0	1641	1
bdf05824-acc2-4d2f-8f44-4e2b43ceef11	unclassified	0	0	0	0	1459	1
2c92c58b-8ee9-43d5-8edd-6ded7ca428c2	unclassified	0	0	0	0	1597	1
0b1b3b09-b1dc-4c01-98bc-9a98a05a3872	unclassified	0	0	0	0	1510	1
b2047a4a-e695-4f67-8df3-ed63497b8b14	unclassified	0	0	0	0	2435	1
cf814523-e208-4aa9-ae49-f9ed94e6b846	unclassified	0	0	0	0	1362	1
a15b8eb5-e10e-4821-8fda-7da85e627d3a	unclassified	0	0	0	0	1246	1
c7f6d413-5e3f-4c20-8114-8093b5205250	unclassified	0	0	0	0	1077	1
6413b451-3150-4afd-b34c-a50a591348c9	unclassified	0	0	0	0	1533	1
21ae7753-1bcb-4855-9b75-0082070eb7e4	unclassified	0	0	0	0	1239	1
b0715d05-7a78-42c5-8353-229a457a6751	unclassified	0	0	0	0	2282	1
510fd226-81f9-4f1f-b5e7-b82e65d656e5	unclassified	0	0	0	0	1273	1
5789c8b9-2e1c-4b8d-914d-a980634618ff	unclassified	0	0	0	0	1214	1
7ff90225-a2fb-4d3f-af58-0c06fc78bb4a	unclassified	0	0	0	0	4172	1
0713e858-3979-4a2d-8677-12573c40ca3b	unclassified	0	0	0	0	1097	1
3b0e5ad1-7e41-4172-b658-7371897ab4d3	unclassified	0	0	0	0	1133	1
b30f3eeb-1a36-4849-9109-7ffdcd012278	unclassified	0	0	0	0	1332	1
a3fb4036-d399-47f2-97ec-9a169d5cabd5	unclassified	0	0	0	0	1042	1
4b0ba952-902b-4b1e-a6eb-0c106a555c90	unclassified	0	0	0	0	1690	1
c3eefb16-5339-41b2-87b1-39ca731f2842	unclassified	0	0	0	0	3461	1
a56d8e58-5573-4810-aa83-ee8a3a709386	unclassified	0	0	0	0	1533	1
6e96158c-a371-4d6b-af57-2b7369ea8383	unclassified	0	0	0	0	1500	1
8092dab8-f3dc-4c50-ab4d-bd579a18054c	unclassified	0	0	0	0	1439	1
2ea21aac-64ff-4547-aae5-fca23ef301b8	unclassified	0	0	0	0	1004	1
0c84932b-b119-4fef-a4db-637d5273d516	unclassified	0	0	0	0	1296	1
bba35594-e35f-4234-a67f-684e6d161bc0	unclassified	0	0	0	0	1079	1
f4788c76-54c9-44dc-9fdc-2dd5ac59bd94	unclassified	0	0	0	0	3729	1
ba8a352a-b282-4c4f-a549-ea166e21eb8e	unclassified	0	0	0	0	1827	1
09f3f9bc-7394-4bda-a20f-b33d2cd55600	unclassified	0	0	0	0	1476	1
be2cd873-f1cd-41a9-9a0a-6f2a5cc2333d	unclassified	0	0	0	0	1685	1
c71d7d4f-5ae3-4535-bb00-2da171354d26	unclassified	0	0	0	0	1470	1
93455733-fdd7-421e-86c6-caffa3b2b4ca	unclassified	0	0	0	0	1748	1
04d33eb0-e4f1-4633-8b0c-cd7b79ea7e5e	unclassified	0	0	0	0	1296	1
d7194957-74ab-4c7f-91d7-53569524e6b3	unclassified	0	0	0	0	2386	1
727bc1a1-43a7-4871-8984-a248958e017d	unclassified	0	0	0	0	1526	1
dc2c185e-ab03-4db1-8020-c80af807773a	unclassified	0	0	0	0	1210	1
be35f125-bc50-45fc-b4db-0fa4beda6c4b	unclassified	0	0	0	0	1430	1
2a56a51d-2a18-446a-8c6d-0166360520d4	unclassified	0	0	0	0	1447	1
5710f865-f60d-469f-afe2-b09ebdfe6282	unclassified	0	0	0	0	1229	1
d07d813c-baf1-4c2d-bbfe-48f703f28d6b	unclassified	0	0	0	0	1782	1
5609bea6-ad4b-4ccb-8e6c-c028324f053e	unclassified	0	0	0	0	4916	1
76ab6ad3-2749-4f42-b7ff-a8d3024e009d	unclassified	0	0	0	0	2160	1
507fdef4-da82-4324-871e-1f48a1188c22	unclassified	0	0	0	0	2960	1
81dade20-6c34-4895-89fd-3038f354e81d	unclassified	0	0	0	0	1384	1
468a5737-ef75-4953-aa83-10cddbae8bc4	unclassified	0	0	0	0	1116	1
14bd4030-c925-488f-91dc-735e9c68aa90	unclassified	0	0	0	0	2505	1
7c90d1f4-5bba-4fda-aea5-24150f76380c	unclassified	0	0	0	0	1462	1
911eab33-c9a6-43bc-b031-f02593d2c8d7	unclassified	0	0	0	0	1689	1
e2b43bcf-7117-4f3c-bf38-dfd44d8e9058	unclassified	0	0	0	0	3027	1
2635e984-1d19-48cb-8c18-d078bc8355be	unclassified	0	0	0	0	1078	1
a60f493f-13f0-4e5e-9f50-cb3ae01240e7	unclassified	0	0	0	0	1955	1
78ee4b72-c999-4a6c-9c56-b23a84c7bd29	unclassified	0	0	0	0	1215	1
acee2ff1-d7f0-4e78-80d8-dda3c68e05ee	unclassified	0	0	0	0	1710	1
811c5571-3a3d-4533-baa9-2fba93430a33	unclassified	0	0	0	0	2251	1
8d31e4f7-6370-498f-8143-a1776b48fbd5	unclassified	0	0	0	0	1125	1
fe9e4345-5c07-4a03-b511-a008ff0f1ab5	unclassified	0	0	0	0	4603	1
2bc9e320-0977-4a1d-9886-00fb711034c7	unclassified	0	0	0	0	1390	1
8aac982e-0299-482d-955d-52a76da5df2e	unclassified	0	0	0	0	1855	1
81e6e6c7-a3bd-4610-8a03-fa0f31ce2c8f	unclassified	0	0	0	0	1451	1
59e0bc40-3eee-473f-83c4-a3c2abad0026	unclassified	0	0	0	0	1470	1
87264674-3eef-4dda-aede-9736ffa21df5	unclassified	0	0	0	0	1464	1
04cd4503-5e4c-47e9-8f79-aa3b8bad6470	unclassified	0	0	0	0	1029	1
8cf74af6-5dee-4886-8cea-bb15ff9be8b6	unclassified	0	0	0	0	1344	1
7f7ff9e9-8a01-4612-a64f-878801efc422	unclassified	0	0	0	0	3330	1
396fa400-0367-45d7-a096-15c013f8eb45	unclassified	0	0	0	0	1539	1
0005e9a6-7d88-48c6-87c6-ca52bd5fda51	unclassified	0	0	0	0	1335	1
d7c45508-3058-4630-bb80-0c48b1f85ee6	unclassified	0	0	0	0	1095	1
ac92f245-8cc2-4a54-8d55-1e6cbc8f3553	unclassified	0	0	0	0	1848	1
6c220418-be71-477c-b4c4-483a49913390	unclassified	0	0	0	0	1601	1
4d888f05-b53a-4604-8ca9-22c68f28e17c	unclassified	0	0	0	0	1248	1
7fdf0333-108f-4e39-b87c-1ec98a9cee2e	unclassified	0	0	0	0	2229	1
251039b3-ea45-4230-b15f-898cd3bf302a	unclassified	0	0	0	0	1968	1
b4c22679-02ac-462e-bd73-54962582b136	unclassified	0	0	0	0	1523	1
152eda5d-dd79-4f84-8093-78c4a8dbcb03	unclassified	0	0	0	0	1451	1
db97a03f-609e-4629-ab18-b66fea981fc7	unclassified	0	0	0	0	1494	1
8959c467-55b4-4415-9415-b8cf76c865db	unclassified	0	0	0	0	1930	1
fca61da7-ff32-476c-93ba-4f4ed53659d0	AB050109.1.1426	918	81	0	24	1461	1
17b2bccd-1421-40f0-98f2-308154942734	unclassified	0	0	0	0	5373	1
466a6e92-3d6e-4ae0-817e-42da9e7d8546	unclassified	0	0	0	0	3646	1
17e76c92-b9c2-4cd3-8f9b-a5aa127bd465	unclassified	0	0	0	0	5548	1
592f92c1-7084-400c-b755-207d8b19cb2c	unclassified	0	0	0	0	1469	1
e5b729ba-0594-4808-9f89-4789bfb14a74	unclassified	0	0	0	0	1429	1
66d4ef5c-0883-4655-ba85-21e5161d7225	unclassified	0	0	0	0	2812	1
0a5bd295-f374-41fa-8970-dd2d007b9052	unclassified	0	0	0	0	1488	1
b93d19c9-4bfe-4c6f-9ffc-6a74f12738aa	unclassified	0	0	0	0	1145	1
d5fc522c-a7fe-4d64-abbf-a0f329a0554e	unclassified	0	0	0	0	1516	1
c38ef8ef-b2c1-49bc-a91b-3bbad6170b34	unclassified	0	0	0	0	1782	1
854acdff-3c20-4351-8219-45864b4fc8ed	unclassified	0	0	0	0	3345	1
76589a19-8e58-4474-bf78-b6b0c22f2332	unclassified	0	0	0	0	2958	1
679579df-71b4-4a73-b449-63cdc13201dd	unclassified	0	0	0	0	4670	1
9ea031e5-6d57-4162-82c6-182642b93939	unclassified	0	0	0	0	1325	1
c237072d-2f9d-4e2f-aa87-849e80a452dd	unclassified	0	0	0	0	1057	1
1f1add39-cc50-4752-92e7-5c1b479de05c	unclassified	0	0	0	0	1555	1
e86ce11f-7063-4c3a-b8ea-ead20dc86bd8	unclassified	0	0	0	0	1504	1
c5e7f7ef-a1b8-46ab-8547-4b081cb658dd	unclassified	0	0	0	0	3057	1
a3ab5363-34cc-497c-bb17-6d2268ac86a4	unclassified	0	0	0	0	2433	1
580a5a23-a3dd-4790-bfc0-2b504229b275	unclassified	0	0	0	0	1457	1
ce839521-71d9-4749-85c6-655c5716b141	unclassified	0	0	0	0	1457	1
bd2125da-eb3e-4545-a268-8de2f2acf7e5	unclassified	0	0	0	0	1988	1
54dd7d51-39e2-4246-8296-0099bffe6d81	EU538988.1.1397	3723	81	0	24	1410	1
9e9341c1-350e-435e-90d8-b5b4096df566	unclassified	0	0	0	0	1819	1
3dfcda22-a927-4792-b6bf-b3f19e9ba18c	unclassified	0	0	0	0	1806	1
fc3ff3cc-4577-47b8-a386-667392a0dcb2	unclassified	0	0	0	0	1121	1
56aef254-2872-4570-8d72-7d1f75a2f580	unclassified	0	0	0	0	3283	1
8d554de4-a4bf-4489-95f1-791c1b5ba717	unclassified	0	0	0	0	1439	1
39e966e2-93c9-40b7-b60f-d99fed9b1fd0	unclassified	0	0	0	0	1888	1
3973f5f6-ad47-4bf4-836b-873895e71c6a	unclassified	0	0	0	0	1531	1
803d0b31-04ba-410b-b9fb-0e3cde24f581	unclassified	0	0	0	0	1067	1
212c31f1-7db9-462a-a9aa-df5fc13b8756	unclassified	0	0	0	0	1480	1
21b53e00-896f-48fb-9bd4-733a5cc02d86	unclassified	0	0	0	0	1597	1
ecea930a-1107-40e9-a60c-2385f11467d9	unclassified	0	0	0	0	1375	1
9f86319e-e360-46a1-a82d-3101e2b7d665	unclassified	0	0	0	0	1075	1
9a0ace9d-b8cb-4cec-b685-9857ee2c914d	unclassified	0	0	0	0	1276	1
935f25b3-90f0-48dc-9410-76f143b9e836	unclassified	0	0	0	0	1355	1
c5daf2c5-c930-42a0-9ad0-b3f0abaaf2e4	unclassified	0	0	0	0	1060	1
bbc01fbf-b5ab-448e-b598-8b51156458ea	unclassified	0	0	0	0	1762	1
ffc8a405-d5ff-4b48-8405-628390eced3f	unclassified	0	0	0	0	2171	1
aa91c71d-3ebe-4a34-8e7f-0ee9da6c9c91	unclassified	0	0	0	0	1976	1
a6eb946c-f3e1-4aae-8025-e2b88ac95da6	unclassified	0	0	0	0	1555	1
4dd5b2e8-031f-43ba-b3d7-715567b6c90c	unclassified	0	0	0	0	2294	1
21b0f11f-3856-4802-9380-5c1a6654eb6a	unclassified	0	0	0	0	1299	1
939117a2-e146-4eaf-b82a-87586c9f7e95	unclassified	0	0	0	0	1542	1
baac04c6-0f1b-4f8a-b92c-32079956e42b	unclassified	0	0	0	0	1015	1
152bb159-4c0c-413e-bb02-3f0b75017309	unclassified	0	0	0	0	1411	1
d786c8e4-f54c-4fa2-b7cf-6fed6636727c	unclassified	0	0	0	0	1517	1
1e49baca-1703-4834-9576-134becc2f9fc	order	27008	121	121	26	1306	2
1e49baca-1703-4834-9576-134becc2f9fc	family	26981	121	121	26	1306	2
a5356496-6e0c-46f2-a8ac-1ca97534ae0b	unclassified	0	0	0	0	1446	1
d16dba65-2ccc-4f02-9d2a-207ee2988318	unclassified	0	0	0	0	1634	1
29e28510-6f63-4b07-bbfd-57e7c8b3fd83	unclassified	0	0	0	0	1521	1
99f796a1-b0e7-47af-aa10-4bd373fde842	unclassified	0	0	0	0	2623	1
878ae77c-a519-4bdc-af56-9f172f11fdf8	unclassified	0	0	0	0	1900	1
47ec61a0-15be-4038-8183-9f245d0aece3	unclassified	0	0	0	0	1433	1
a402d623-3d75-41d7-8a4e-301a07bd250f	unclassified	0	0	0	0	1356	1
8bbd4d1a-9df7-4fb1-afb8-e811de78d26a	unclassified	0	0	0	0	1164	1
fea8cb19-0c28-4a5d-84ca-6527e5697c9f	unclassified	0	0	0	0	1366	1
0e249b18-76b0-43ce-91dc-201f519ae5ef	unclassified	0	0	0	0	2280	1
80746072-89a6-481a-86d1-05f463092529	unclassified	0	0	0	0	1691	1
019694a6-a521-41fd-b6b7-fba575b0cb94	unclassified	0	0	0	0	1844	1
306a8790-96c5-49b3-9691-31d7903ceee2	AM396379.1.1920	6204	121	81	26	1182	1
bc717290-8e0c-44fb-84e9-ad02c6dec947	unclassified	0	0	0	0	1470	1
e3097cfc-4fc1-4b94-a328-748b0ec14d0d	unclassified	0	0	0	0	1561	1
eefcdc72-1e42-4ff2-9df0-dec98c2cbf53	unclassified	0	0	0	0	1422	1
2830c0a0-209a-4c21-9b1d-6f59e115d9e6	unclassified	0	0	0	0	1557	1
6790727b-7f84-45ad-b8ef-abb0e918ee4b	unclassified	0	0	0	0	1454	1
f6c74948-aa55-4471-a3a5-add44963f065	unclassified	0	0	0	0	1377	1
48cd08b5-590b-4b4f-938a-7bf0c0e4bb62	unclassified	0	0	0	0	1039	1
7a868823-1492-477e-929b-aa5b406138d4	unclassified	0	0	0	0	1398	1
31ad2032-7fcd-41e4-8c7b-31f198ba1173	unclassified	0	0	0	0	5698	1
fcd551f5-cce9-417f-aace-699060cd30e3	unclassified	0	0	0	0	1410	1
14422baa-5d54-432b-afc6-1d9075839923	unclassified	0	0	0	0	1404	1
b30a6b79-78f6-4bb0-9d42-c7f326e64d40	unclassified	0	0	0	0	1167	1
afc01471-a93f-4aac-9458-f5e4a3a0cd00	family	14585	64	64	23	1479	5
afc01471-a93f-4aac-9458-f5e4a3a0cd00	family	967	64	64	23	1479	5
afc01471-a93f-4aac-9458-f5e4a3a0cd00	family	24713	64	64	23	1479	5
afc01471-a93f-4aac-9458-f5e4a3a0cd00	order	24714	64	64	23	1479	5
afc01471-a93f-4aac-9458-f5e4a3a0cd00	family	24634	64	64	23	1479	5
c9788027-81a3-4eb8-9720-5cc7fce1f78e	unclassified	0	0	0	0	1309	1
78186de1-1e92-47cd-9e2b-1bd468b923e6	unclassified	0	0	0	0	2235	1
8523100c-7f7b-4255-9078-56071e9b148d	unclassified	0	0	0	0	1420	1
94fa4ee6-3fad-45ba-992c-aab661f5063b	unclassified	0	0	0	0	1455	1
a00a1089-8c61-4e6d-81c6-1c700025cc4f	unclassified	0	0	0	0	1337	1
83451ddd-f020-406c-8186-c600647f8a35	unclassified	0	0	0	0	1193	1
3ec0c8b4-5f1e-47aa-b387-a9012431edb3	unclassified	0	0	0	0	1170	1
bcede466-ecc8-4f57-b61e-9db5c075e1a9	unclassified	0	0	0	0	1475	1
2fbb3224-eec8-4650-bcea-e5b38b2b6f36	AJ347048.1.1408	25563	81	0	24	1328	1
6fa2cfe8-e41d-4372-9545-2aeba11b9055	unclassified	0	0	0	0	1228	1
0753a23c-e83a-45e3-a88e-dc4a8749d986	unclassified	0	0	0	0	1470	1
3dae75ee-81d0-4a8e-ae4e-ae77c2c0c6f8	unclassified	0	0	0	0	1412	1
079a2f0d-c137-4219-acd8-26f9ba03048f	unclassified	0	0	0	0	1645	1
7e50012b-d502-42f2-8efd-0ed7f2058de5	unclassified	0	0	0	0	3301	1
95016378-98ca-45b5-98ca-c63690ee78e6	unclassified	0	0	0	0	1242	1
04132618-56cd-4d55-b746-9a471e212164	unclassified	0	0	0	0	1486	1
1e82811d-be1c-4df8-add0-697fcbb8c78f	unclassified	0	0	0	0	1460	1
04faa223-9306-4d2a-8bfe-4f8d6334900c	unclassified	0	0	0	0	1505	1
5686b70a-8e8e-4080-a950-b8bfd492e512	unclassified	0	0	0	0	1996	1
5fcfcc3b-ec22-4fd2-a795-64a7fb0a1954	unclassified	0	0	0	0	2178	1
5ac16207-7e43-456f-9f4d-b2e437b2cdec	unclassified	0	0	0	0	1176	1
c227eb75-0b1a-413c-95c8-adc078d43563	unclassified	0	0	0	0	1222	1
e5c32d39-5f51-4f25-b854-26cd8b301da5	unclassified	0	0	0	0	1422	1
285507a7-b060-48c6-8c21-8c9969926e1a	unclassified	0	0	0	0	1123	1
bf430d48-5639-478b-9a2d-3c8d61919a2c	unclassified	0	0	0	0	1021	1
bdde6927-d160-4b32-9b5e-aefc010d3a39	unclassified	0	0	0	0	1651	1
d5b828ae-d072-4d57-9bb7-6743a12d5513	unclassified	0	0	0	0	1509	1
9b0d0742-f2a1-4ad2-96fa-b7dede14088f	unclassified	0	0	0	0	1499	1
4f91e9f1-2e20-4ffe-b4d3-4fa1126c75f5	unclassified	0	0	0	0	1309	1
5260a984-bd79-4f8e-a7bf-0eed045b094b	unclassified	0	0	0	0	1199	1
8beba90f-09d7-4976-b78c-1c91b1f229f0	unclassified	0	0	0	0	1470	1
9b0025b9-f7af-43e0-9985-ca003b647269	unclassified	0	0	0	0	1613	1
10b23596-1fc8-4cc0-9588-271fb302a1ae	unclassified	0	0	0	0	1422	1
25f79d35-aeba-4592-9db0-d6f356cd9e12	unclassified	0	0	0	0	1143	1
d8573ce2-cf80-42fa-ad45-96e894b1d679	unclassified	0	0	0	0	2295	1
8158f48f-9d8c-444c-b23e-86fb20071b85	unclassified	0	0	0	0	1210	1
931854ca-c6e0-4f6a-a71c-b3ce44ed43eb	unclassified	0	0	0	0	7310	1
1c45fa6e-141e-4990-bcec-1d284aed291e	unclassified	0	0	0	0	2402	1
81d14ab0-9441-47c1-93fe-0acd700f0eea	unclassified	0	0	0	0	1015	1
77bf279d-dac7-45a7-9aa4-96f2b9403c4c	unclassified	0	0	0	0	1302	1
eda8ca6b-e67b-443d-a1ce-f207725618eb	unclassified	0	0	0	0	1569	1
78f25e4c-a1a8-4ad8-b82c-f16e03fa5501	unclassified	0	0	0	0	1427	1
4ae28232-0e26-4178-8893-988913317786	unclassified	0	0	0	0	1475	1
f41b69ca-fbd5-4bad-84b7-f202186b2ebe	unclassified	0	0	0	0	1478	1
cb5cf1c5-d8e7-4dcc-adb2-24a0e724fad4	unclassified	0	0	0	0	2881	1
4d0d5a5f-f889-48ae-a348-bd819604748d	unclassified	0	0	0	0	2973	1
0a7169bf-0491-4f2d-a10f-b184ece9473d	unclassified	0	0	0	0	1729	1
d395ffef-84f8-4ab5-8993-d4ef32bdc787	unclassified	0	0	0	0	2156	1
ef931ee4-d285-423a-a066-e3674c56cc5c	unclassified	0	0	0	0	2261	1
528b6af1-5013-42fc-b3ac-03308c6e798e	unclassified	0	0	0	0	1482	1
6946618e-12bd-48aa-9b82-ee590c9de099	unclassified	0	0	0	0	5172	1
c98c7232-fe57-45d6-8741-4f1e965c7757	unclassified	0	0	0	0	1600	1
972a45ac-b452-425c-bddb-8045badaa48c	GQ135288.1.1417	0	121	121	26	1493	5
972a45ac-b452-425c-bddb-8045badaa48c	family	11171	121	121	26	1493	5
972a45ac-b452-425c-bddb-8045badaa48c	family	25007	121	121	26	1493	5
972a45ac-b452-425c-bddb-8045badaa48c	family	25020	121	121	26	1493	5
972a45ac-b452-425c-bddb-8045badaa48c	family	25012	121	121	26	1493	5
a1a06973-0c50-420e-9955-d3dbb40fa208	unclassified	0	0	0	0	1921	1
49cac3fa-175e-4c37-b83e-40dbb68e16d1	unclassified	0	0	0	0	1237	1
c983fbf5-0c60-4c77-acc4-0ba7ddd3d358	unclassified	0	0	0	0	2222	1
aa3dbc6f-41e1-497b-b5b7-ba2432a0eea4	unclassified	0	0	0	0	3058	1
c874f346-ed68-49d5-9902-84453fad3c8a	unclassified	0	0	0	0	1468	1
35e5bec8-ab1f-4e05-bafd-df916398111a	unclassified	0	0	0	0	4253	1
9a878703-b3e1-4c06-98ec-b200a331c3c3	unclassified	0	0	0	0	3494	1
3f0215c5-c0c2-41e6-a688-da4c1bc23f75	unclassified	0	0	0	0	1410	1
6e70c068-7b2f-4fb2-aa2a-627d42591d0a	unclassified	0	0	0	0	1370	1
289d41ab-1693-40c5-a900-4cdadeaada92	unclassified	0	0	0	0	2551	1
7375bb5d-e708-4afe-ad18-6f2ad3d5c93f	unclassified	0	0	0	0	1018	1
1e8015d8-78c1-4679-ad3e-3b0404fdfee0	unclassified	0	0	0	0	2035	1
ac497c38-6c87-4da9-9e2a-b2dbcccd7d00	unclassified	0	0	0	0	1230	1
94e69099-dffa-488a-8abe-e70a1b7dfcbe	unclassified	0	0	0	0	1331	1
3f5309a6-6b7c-4a5d-a398-0ba685124bb1	unclassified	0	0	0	0	1071	1
2be1f15e-c676-4f1b-b083-248ff4e78b89	unclassified	0	0	0	0	1646	1
8f524ba1-0501-4d82-a4d0-c5b72fe5af8e	unclassified	0	0	0	0	1001	1
72527344-f3de-48ab-8684-147844af1ea9	unclassified	0	0	0	0	2438	1
108bee4f-b932-47cf-8d30-376f34b1c556	unclassified	0	0	0	0	1062	1
f6a99192-e0c0-4680-a6d1-5bf85312547e	unclassified	0	0	0	0	3229	1
521138a9-b267-4ed2-a07b-970ff6234f37	unclassified	0	0	0	0	1352	1
a5f81da3-e717-44be-98ac-65a257915992	unclassified	0	0	0	0	1449	1
c925dc6d-7988-4875-8ac8-a9c322d34220	unclassified	0	0	0	0	2457	1
bd0cf54d-e85d-4462-ad7d-6c932b6ea56e	unclassified	0	0	0	0	1544	1
75880a68-b9c5-4d4e-986f-bddb0f42a0cb	unclassified	0	0	0	0	2744	1
39b0fc86-915f-493b-b0b1-8fd9dc853f65	unclassified	0	0	0	0	1507	1
c584010e-7170-42be-85e0-f6afa5ecef52	unclassified	0	0	0	0	1105	1
4aad2549-2c8d-4e72-b350-cd4fb501fbc9	unclassified	0	0	0	0	3362	1
70e21c50-c911-41ec-a4e7-3e77ddacbd11	unclassified	0	0	0	0	1305	1
936e8576-c639-42cd-81d2-ab559a8bb9ee	unclassified	0	0	0	0	1141	1
de41df13-2428-4d6a-9949-8c4499cc755f	unclassified	0	0	0	0	1171	1
9e4064dd-3b75-4298-87f4-620288ae85a7	unclassified	0	0	0	0	3396	1
0a096800-9234-47f0-a8d7-9bc2cc08d6fe	unclassified	0	0	0	0	2126	1
f6030741-2a9c-442d-a84a-a3bb0327a005	unclassified	0	0	0	0	1568	1
aaf93933-97f7-4dca-8997-6d21d0ad2cd7	unclassified	0	0	0	0	1255	1
93460275-387a-4c3e-b14b-85eac1c44af7	unclassified	0	0	0	0	1463	1
ea5f1af1-072a-4769-849a-07edcf8286ce	unclassified	0	0	0	0	1088	1
f6d9aac8-1a30-4d8c-83ae-b7ab7b36d65e	unclassified	0	0	0	0	2634	1
22adbd38-d0c7-4c44-8ee3-8224e32d1c1c	unclassified	0	0	0	0	2761	1
18451d2b-4d1c-45b9-9a60-8ccfc979ee9f	unclassified	0	0	0	0	2415	1
d1915512-3a87-48bc-a756-7a1c3dc4e1ac	unclassified	0	0	0	0	2583	1
72a2eb22-4890-4d62-b7a9-e55910e89ec9	unclassified	0	0	0	0	2910	1
b9b8069c-a839-43ca-976f-8ebd84a81855	unclassified	0	0	0	0	2562	1
3e8344aa-62bc-4764-a166-41eee92d54e5	unclassified	0	0	0	0	1666	1
64dd5e31-58f5-4923-8921-b26beba7c870	unclassified	0	0	0	0	1015	1
cc41ccba-21fb-4b6f-a71b-a66dfdf849e6	unclassified	0	0	0	0	2192	1
4b8c3270-772d-47f6-ad38-d3b330a05ff0	unclassified	0	0	0	0	2222	1
9d945f0c-5e16-4fdf-a12f-9a053971dfc9	unclassified	0	0	0	0	1326	1
37d29708-056a-4071-a60c-02ed454751d6	unclassified	0	0	0	0	1313	1
fef0fba1-c74d-43f0-9198-948108886931	unclassified	0	0	0	0	1423	1
f5342e59-d6e4-4fb7-bf10-4225a3831034	unclassified	0	0	0	0	1635	1
db71fb5b-be2f-45dc-a163-639087e606af	unclassified	0	0	0	0	1272	1
b0114936-ac69-4200-9c16-e677ade732ab	unclassified	0	0	0	0	3845	1
f1efcbc1-c989-4ee1-896b-c895cdf0055d	unclassified	0	0	0	0	2126	1
40de9b27-311f-4283-8686-64d7bd8d8630	unclassified	0	0	0	0	1222	1
5b281883-62ed-4b2f-a75a-780566d9cf6a	unclassified	0	0	0	0	1673	1
fe1c0ac2-af2e-47c3-a536-f59b7757033c	unclassified	0	0	0	0	1285	1
9ba5d0de-e2b2-4097-abe6-59a42cbab28e	unclassified	0	0	0	0	2261	1
15a50e0f-0d1a-4e45-a4cc-2aaa6b07ca03	unclassified	0	0	0	0	2074	1
ed53fe07-7ad2-4862-9a05-9b010f921766	unclassified	0	0	0	0	9831	1
914a3256-824a-4fdd-9fe1-47a89dfb40a0	unclassified	0	0	0	0	3019	1
39bce9c2-6439-4042-afa1-2b05f3bed298	unclassified	0	0	0	0	3065	1
0788eb27-6d6f-465e-9d53-ff012c1f132b	unclassified	0	0	0	0	1480	1
cc7f4597-b962-4b7c-beaa-206dbd4e215e	family	26981	250	250	52	1485	2
cc7f4597-b962-4b7c-beaa-206dbd4e215e	order	27008	250	250	52	1485	2
9e7f65a4-b12d-401e-895e-11ce6b819bbc	unclassified	0	0	0	0	1482	1
f7b40649-9905-4868-9e16-60d070d8c7f0	family	26981	64	64	23	1469	2
f7b40649-9905-4868-9e16-60d070d8c7f0	order	27008	64	64	23	1469	2
0b547fb6-2c45-49df-858d-c51ec6a2b6f0	unclassified	0	0	0	0	1511	1
3f1b840b-3250-411a-b873-2605fb352b88	unclassified	0	0	0	0	1012	1
280fc36a-740a-4d91-8c8e-50d1f65496fb	unclassified	0	0	0	0	1480	1
46205105-804e-46c3-8cd2-68dc89898efc	unclassified	0	0	0	0	1368	1
200b5a18-ab59-4f3e-840b-0eddc1f0ab1b	unclassified	0	0	0	0	2164	1
6c88a506-ebac-4073-8955-cd837ffae9b4	unclassified	0	0	0	0	1581	1
8598c088-4a49-4ca6-8996-e7b5c50cbdec	unclassified	0	0	0	0	1469	1
5be25904-86de-43a3-972d-fa312f160235	unclassified	0	0	0	0	1848	1
59c03b11-7525-4ec2-b5de-c948dcb0522d	unclassified	0	0	0	0	1572	1
d6324d9d-07a6-40f0-865c-ee3f5e302e2c	unclassified	0	0	0	0	4154	1
614a5499-ae9a-4e79-a426-782af5eb4e7a	unclassified	0	0	0	0	1011	1
bb2d90fe-12ea-4f99-a0c5-8392e8a8b967	unclassified	0	0	0	0	1188	1
e88ff0a7-5c28-4c0e-824a-917fc9d9f245	GQ135038.1.1403	2058	100	0	25	1499	1
a5c94cd7-cb41-4504-8c76-3e4f7198c3cf	unclassified	0	0	0	0	1284	1
2928e88f-5aac-4919-b909-dcb5d55a0c0a	unclassified	0	0	0	0	1399	1
c3f14c10-f9de-4b56-8e8a-552ec0c69d00	unclassified	0	0	0	0	1438	1
8bd17148-dedd-4953-bc7c-2ead5d781b14	unclassified	0	0	0	0	1009	1
09a06e62-65ad-4acd-a933-b6e8d26aeb84	unclassified	0	0	0	0	1469	1
29c0f066-5f34-4d08-a521-0ed6a3bf8b73	unclassified	0	0	0	0	1328	1
db890350-ee08-4c27-8efa-de2bab8fed2a	unclassified	0	0	0	0	1461	1
b1a0ef7e-8146-4a83-80ca-291dc7e443f0	unclassified	0	0	0	0	1471	1
ac25876f-da43-4b1a-81c0-b560df939084	unclassified	0	0	0	0	1458	1
2b5b4fbe-9f7c-451a-8eec-7b7879a1acbf	unclassified	0	0	0	0	1207	1
4a017a13-a1dc-433f-932f-134389aa40cc	unclassified	0	0	0	0	1465	1
4a563311-5230-4c8a-a276-d6f42300ba7a	unclassified	0	0	0	0	1373	1
77e1bc06-2880-4ef5-8344-5eb1f1129505	unclassified	0	0	0	0	1282	1
e85c5a0c-2796-4972-9bc8-db82bec41b4d	unclassified	0	0	0	0	1423	1
2fd64322-9f28-4d67-8d62-baa039183667	unclassified	0	0	0	0	3545	1
5fe36e76-9a18-422e-9a5c-d7e9544e63fe	unclassified	0	0	0	0	1316	1
b65f226c-4734-4368-964c-837ff2e76215	unclassified	0	0	0	0	1516	1
b733761d-f412-4f46-b4a4-838acbf1ff66	unclassified	0	0	0	0	1067	1
62e197a2-f73c-41c0-abd5-0ac79376b88d	unclassified	0	0	0	0	1439	1
61cb99f6-b1df-4c6d-86ef-d0cb6e41c6f5	unclassified	0	0	0	0	1118	1
c1d067f8-6a4a-4f33-8e91-ab3739695cba	unclassified	0	0	0	0	1389	1
8c917dab-0941-4a30-862e-eb54477d109c	unclassified	0	0	0	0	1092	1
457bbd11-249a-4763-b679-99e5af09712b	unclassified	0	0	0	0	1502	1
89778d93-f0e3-4a7b-b12e-355dd9d930ff	unclassified	0	0	0	0	1315	1
1b2db6a4-7796-4b53-ab05-40bba0abd267	unclassified	0	0	0	0	1441	1
9a0650ca-fa59-4b67-9226-256024414082	unclassified	0	0	0	0	1474	1
dacaf7e6-7ee3-4629-b9d1-c5b1984a9fef	unclassified	0	0	0	0	1440	1
4183209f-fa5c-4783-aeab-a464419ec040	unclassified	0	0	0	0	1150	1
148913e2-dd98-4eba-9dc4-e567b04059b9	unclassified	0	0	0	0	1533	1
1bcb4959-0e9b-406e-8544-52bb70f18a7f	unclassified	0	0	0	0	1975	1
262ca099-e30e-41ce-bbc4-7b436e0ad616	unclassified	0	0	0	0	1159	1
74874781-c0af-4724-ad3a-65616cea459d	unclassified	0	0	0	0	1523	1
e3c07517-55d0-40fa-a6c8-27295040216b	unclassified	0	0	0	0	1378	1
7ce0d903-6ace-4574-a0b8-f5830d48e916	order	27008	169	169	28	1191	2
7ce0d903-6ace-4574-a0b8-f5830d48e916	family	26981	169	169	28	1191	2
bfff5f0c-ea8f-43e1-9a82-d713e47f465f	unclassified	0	0	0	0	1370	1
9794247c-7cec-47ac-b0bb-904de2288b95	unclassified	0	0	0	0	1539	1
f299b5df-3c70-4e20-a666-36ec373a78a6	unclassified	0	0	0	0	1544	1
1213b6f7-2a16-4054-8347-1ce12c8c4fc5	unclassified	0	0	0	0	1070	1
41eb5086-c9c1-4c3a-a939-d86a9355fa41	unclassified	0	0	0	0	2564	1
785ca107-6231-4415-a4c3-c11276501856	unclassified	0	0	0	0	1528	1
22c8cb50-485c-4b6d-802b-b86932d5bd51	unclassified	0	0	0	0	1481	1
bf5c9337-87b9-47ca-b72a-a7a93fe035f7	unclassified	0	0	0	0	1221	1
f10a0e50-d18f-4374-aa02-6ae0e82b9ee3	unclassified	0	0	0	0	1067	1
b867b373-f02c-47e7-9de7-8513968e95b2	unclassified	0	0	0	0	3058	1
63862a92-7e98-4f16-9ab9-35c986b6284c	unclassified	0	0	0	0	1222	1
7287a08d-4eaf-4513-9331-9f2b653ff06f	unclassified	0	0	0	0	2174	1
73506733-c74b-4190-bd34-5456dc60fec8	unclassified	0	0	0	0	1521	1
6f9b2656-44f5-48c3-a001-6971d63d7d88	unclassified	0	0	0	0	1051	1
77539439-2807-40a7-9b84-3d2310b225e3	class	3303	100	100	25	1319	3
77539439-2807-40a7-9b84-3d2310b225e3	order	1800	100	100	25	1319	3
77539439-2807-40a7-9b84-3d2310b225e3	order	26955	100	100	25	1319	3
88faf758-3b6b-4bd3-8ade-75d72e273ab6	unclassified	0	0	0	0	1574	1
3c9e63da-bde0-4920-8361-fab4def58128	unclassified	0	0	0	0	2274	1
b646e220-4546-4d42-99c8-51b6907d1349	unclassified	0	0	0	0	1410	1
61518533-4e61-422c-a97c-968bf944e2ee	unclassified	0	0	0	0	1315	1
