readID	seqID	taxID	score	2ndBestScore	hitLength	queryLength	numMatches
b2786169-a935-4b26-a35f-19836c30169b	unclassified	0	0	0	0	1203	1
8926de7d-0863-405f-b071-3d6d3d18014f	cid|67780	67780	4842	2500	108	1053	1
5620ac7a-ed85-42bb-8b8e-71db114bd1ca	unclassified	0	0	0	0	1418	1
f0e6a20d-1dbc-4b4a-9f64-239c6a3215f9	cid|67780	67780	256	225	31	1538	1
da7653e8-ba6d-4eb2-842f-d76b987037a4	cid|90245	90245	1089	0	48	1081	1
2f9d05e2-2a77-4209-8a97-0ff5c5329250	cid|436515	436515	9604	9604	113	1421	3
2f9d05e2-2a77-4209-8a97-0ff5c5329250	cid|2126319	2126319	9604	9604	113	1421	3
2f9d05e2-2a77-4209-8a97-0ff5c5329250	cid|1678128	1678128	9604	9604	113	1421	3
27cb4b51-2f14-4228-bb3c-a1c7f41bc46e	cid|985	985	225	225	30	1013	2
27cb4b51-2f14-4228-bb3c-a1c7f41bc46e	cid|1191459	1191459	225	225	30	1013	2
53503d53-df4e-4fe1-86ed-0ea8ad167af4	cid|453816	453816	576	576	39	1501	2
53503d53-df4e-4fe1-86ed-0ea8ad167af4	cid|332163	332163	576	576	39	1501	2
5f46b093-6b81-43b2-83f4-6f1af06d4e1b	unclassified	0	0	0	0	1275	1
e9a7c98d-1035-45d2-bc44-c6ee88489ebb	cid|285	285	324	256	33	1231	1
3d50833e-eb70-4071-bc15-732a12204773	cid|1564681	1564681	576	576	39	1158	2
3d50833e-eb70-4071-bc15-732a12204773	cid|2751	2751	576	576	39	1158	2
5d8ee03f-2a45-4e3f-b981-88d43efccc5e	unclassified	0	0	0	0	1901	1
96ec0ae7-e799-4aca-840a-0218e11d6e5b	cid|191579	191579	1071	0	123	1422	1
fb8dc783-1a90-4ce7-a83f-7e9c5ba05cbe	cid|553814	553814	225	225	30	1262	4
fb8dc783-1a90-4ce7-a83f-7e9c5ba05cbe	cid|1662458	1662458	225	225	30	1262	4
fb8dc783-1a90-4ce7-a83f-7e9c5ba05cbe	cid|1842533	1842533	225	225	30	1262	4
fb8dc783-1a90-4ce7-a83f-7e9c5ba05cbe	cid|1662456	1662456	225	225	30	1262	4
cea61419-c1da-48f7-93a8-3390d53808d5	cid|1834519	1834519	324	0	33	1600	1
9eade83e-a06c-4796-a1ca-42dc0b0d5362	cid|1307763	1307763	1369	1369	52	1446	2
9eade83e-a06c-4796-a1ca-42dc0b0d5362	cid|511746	511746	1369	1369	52	1446	2
33ea5590-2f7d-4aa4-83f1-a060e624469e	cid|1842540	1842540	10528	0	285	1312	1
10cd6325-66c5-4f92-bcee-669ac238b20c	unclassified	0	0	0	0	1540	1
3be42bf7-b7ab-422b-994d-031674e30301	cid|1239307	1239307	64	0	23	2728	1
f652f1fa-8cf5-4a40-aa9f-eefd1b8bf676	cid|1850254	1850254	7225	3697	100	1405	1
d3946d0d-6e92-4374-a446-8909da191d21	cid|191495	191495	64	0	23	1450	1
19fa7843-2442-45ea-bf77-cd978d785e94	cid|1085624	1085624	900	900	45	1542	2
19fa7843-2442-45ea-bf77-cd978d785e94	cid|1178516	1178516	900	900	45	1542	2
d8e2930a-ecdc-4d06-81de-04da8e39fce2	cid|944547	944547	545	0	84	1513	1
261c5b41-d96d-4559-9566-651e86ad9bc1	cid|1662458	1662458	968	968	74	1618	3
261c5b41-d96d-4559-9566-651e86ad9bc1	cid|553814	553814	968	968	74	1618	3
261c5b41-d96d-4559-9566-651e86ad9bc1	cid|1662457	1662457	968	968	74	1618	3
b63973fd-e01d-4f25-984e-6fe7c4d54b57	cid|1850254	1850254	4709	0	117	1405	1
4cbd28ac-fd7c-4c26-98b7-0f07089eec36	cid|1658672	1658672	676	289	41	1000	1
c3eace71-73f2-48e2-a8d2-6874788909a8	unclassified	0	0	0	0	2244	1
c47847f8-cd94-46ee-aa58-2e32c1692e06	cid|687	687	64	0	23	1753	1
440ba429-366b-4bac-a740-dba7336c249d	cid|881	881	196	0	29	1463	1
242c902a-b085-4f85-891e-c62f401db8e4	cid|748811	748811	2209	0	62	1598	1
ec549c86-c548-4b7a-8a98-1a9caeb481a2	unclassified	0	0	0	0	1009	1
1f5ba407-d150-4c13-9dbc-9e24c50e7033	cid|316068	316068	1024	196	47	1426	1
64cd1721-1e6a-43aa-9d28-5f4329dd236e	cid|1436290	1436290	784	0	43	1539	1
a44a07a4-c0e3-4de4-9049-8b3dd1ee7ae7	cid|2067960	2067960	400	400	35	3498	2
a44a07a4-c0e3-4de4-9049-8b3dd1ee7ae7	cid|81479	81479	400	400	35	3498	2
21759a2e-e8da-47ee-b8a2-831c4178d4e3	cid|926	926	1296	400	51	2457	1
bec8ba9f-35fd-483d-9be1-d60e03d38d92	cid|477680	477680	900	900	45	1532	4
bec8ba9f-35fd-483d-9be1-d60e03d38d92	cid|79329	79329	900	900	45	1532	4
bec8ba9f-35fd-483d-9be1-d60e03d38d92	cid|354356	354356	900	900	45	1532	4
bec8ba9f-35fd-483d-9be1-d60e03d38d92	cid|1492898	1492898	900	900	45	1532	4
7a547109-21ff-4af1-85e9-71582faf2fb1	cid|944547	944547	1466	725	84	1204	1
8b24db06-6874-4326-948a-56099a5efde0	cid|34029	34029	3492	0	108	1568	1
017e6db5-9a93-4454-a667-a03577c42a22	cid|1678129	1678129	1024	729	47	1402	1
32db7cc9-5ee4-4795-af7b-8bd39ad7fb58	cid|996	996	1972	0	92	1490	1
04bde86c-db6c-4330-b635-d4007d779094	cid|148813	148813	1600	0	55	1444	1
9363bb7c-7429-48cb-a76d-fec86951adc3	cid|1173263	1173263	169	121	28	1451	1
62d06df9-e464-43e0-8af0-6275c744cb5a	cid|564064	564064	1369	1225	52	1483	1
03b21c1b-4d70-4d47-a158-ead5416a75ee	cid|944547	944547	4285	0	121	1051	1
d4c8f9fc-9449-457a-bb95-aa9fa62e849b	family	80864	4356	4356	81	1463	2
d4c8f9fc-9449-457a-bb95-aa9fa62e849b	genus	507	4356	4356	81	1463	2
a6a76848-75dc-45a0-8606-af27ea6a5a73	cid|192843	192843	2848	961	94	1607	1
42906dbe-3e4c-42f3-b581-9bffe72e7199	unclassified	0	0	0	0	1483	1
e3dd2c02-3e9c-4a55-80f8-36b2be537648	unclassified	0	0	0	0	1198	1
4bdb2373-8199-4e28-8f4b-33db13971b46	cid|1678128	1678128	196	0	29	1521	1
9b9d5b49-cb10-4253-82fe-aa11d2cf0d73	cid|330214	330214	2594	0	202	1022	1
c5b8d366-39ef-4d25-b1e7-c98fd99e702a	cid|622	622	2304	2025	63	1480	1
9ec311ad-f25a-4075-83bf-b6d031cc282e	cid|1678128	1678128	3177	0	130	1277	1
5c125ec7-e878-448b-ac80-a85944fd833d	cid|413882	413882	625	625	40	1524	3
5c125ec7-e878-448b-ac80-a85944fd833d	cid|946333	946333	625	625	40	1524	3
5c125ec7-e878-448b-ac80-a85944fd833d	cid|28068	28068	625	625	40	1524	3
cdb0f772-9e32-42a3-a112-2fd3b99bcaa5	cid|944547	944547	3136	625	71	1452	1
81be14e9-eeee-441d-83d7-eefdd0646d43	cid|1396	1396	324	324	33	1315	2
81be14e9-eeee-441d-83d7-eefdd0646d43	cid|96942	96942	324	324	33	1315	2
f83f65f5-654f-4bdc-b715-3f86813e263d	cid|944547	944547	7461	0	349	1498	1
bb14e01c-e1ac-4dd1-8ab5-94cfcebc1832	cid|944547	944547	3731	0	225	2673	1
f219b6e5-0132-4d7b-9732-133b2fe89caf	cid|215689	215689	81	0	24	1499	1
b753bb85-9260-43bb-963b-916aa60cec46	cid|562	562	922	81	68	1472	1
482d63a4-2592-474c-8062-2a912e1a8c2a	cid|2109915	2109915	3136	3136	71	1554	2
482d63a4-2592-474c-8062-2a912e1a8c2a	cid|926	926	3136	3136	71	1554	2
419a0857-9456-4882-8863-83213fb58187	cid|92947	92947	676	676	41	1391	2
419a0857-9456-4882-8863-83213fb58187	cid|2033869	2033869	676	676	41	1391	2
64e63ee6-b063-4977-8148-a814545d74e5	unclassified	0	0	0	0	1367	1
e0bb0a47-6c3e-4576-bb4e-cfb4743faad0	cid|28197	28197	400	324	35	1445	1
10f90291-628a-431d-8cd7-17bee2ad2d68	cid|137591	137591	729	324	42	1495	1
9f7db8d7-efa2-40da-b515-6d36b22f0c90	cid|33075	33075	529	529	38	1681	4
9f7db8d7-efa2-40da-b515-6d36b22f0c90	cid|2086584	2086584	529	529	38	1681	4
9f7db8d7-efa2-40da-b515-6d36b22f0c90	cid|336261	336261	529	529	38	1681	4
9f7db8d7-efa2-40da-b515-6d36b22f0c90	cid|84030	84030	529	529	38	1681	4
4557567e-117e-41a1-8087-b4ac1ae07069	cid|562	562	484	296	37	1491	1
abbf1675-23d5-4bc6-8754-b59d2f958fc6	cid|271	271	81	64	24	3667	1
c8da43e0-b8e9-42fb-9f86-73833ee8360f	cid|1397108	1397108	441	225	36	1421	1
c75391c7-6690-4b2d-951b-3da6b3e28a67	cid|1834519	1834519	529	0	38	1128	1
4e8673b2-cf56-44da-83ff-36a5275e9a9e	cid|1849491	1849491	900	625	45	1570	1
f648a18d-f371-42b9-a29a-99f72ca1fd75	cid|484429	484429	6889	0	98	1445	1
b1496d6d-32b3-4d79-ae37-cd06636d7f18	cid|1678128	1678128	1525	1525	85	1456	2
b1496d6d-32b3-4d79-ae37-cd06636d7f18	cid|1458426	1458426	1525	1525	85	1456	2
c24d0f63-c79a-4058-9c4f-9613e4fe67dc	cid|436515	436515	2025	1060	60	1413	1
8ef409e4-3d61-49d9-a18e-e27fb720bb20	species	784	81	81	24	1364	5
8ef409e4-3d61-49d9-a18e-e27fb720bb20	species	113267	81	81	24	1364	5
8ef409e4-3d61-49d9-a18e-e27fb720bb20	species	386487	81	81	24	1364	5
8ef409e4-3d61-49d9-a18e-e27fb720bb20	species	410330	81	81	24	1364	5
8ef409e4-3d61-49d9-a18e-e27fb720bb20	genus	655184	81	81	24	1364	5
e5f80ed3-864e-4fe7-bef6-a9a09ee5ea9c	cid|985	985	1053	0	75	1487	1
16c5af0c-14b8-4c00-8079-eadcf049c285	cid|2005462	2005462	1313	0	79	1449	1
6d9c891e-110e-40a0-9765-8c5c91b810d3	cid|1379909	1379909	3249	0	72	1661	1
f340d78d-d1cd-48b4-9823-63a94410d09f	cid|1637999	1637999	4992	361	246	1592	1
8f9796de-e06d-4663-a397-6840489a4b67	cid|29459	29459	64	0	23	1664	1
16ca6bf2-e642-4fb2-883f-dd49b782b639	unclassified	0	0	0	0	2038	1
b15783ea-45d1-4940-a107-4227596a02ba	unclassified	0	0	0	0	1721	1
62a66141-6d34-4547-8310-43b4f18e3e46	unclassified	0	0	0	0	1239	1
7fffc879-25b3-44ad-9255-4764f8c1b076	cid|96942	96942	484	0	37	1660	1
d45f8d12-adeb-49b0-ae2f-3b948323a67e	unclassified	0	0	0	0	1465	1
004c3b18-e80b-4c8d-b81c-4b0b7314ce1c	cid|484429	484429	4225	0	80	1498	1
5ad94d25-1803-4a54-a9a0-e15949d83ae7	cid|1314	1314	289	0	32	1506	1
384651bf-d157-425d-9ffd-2da3dc281b2b	cid|985	985	1514	0	82	1631	1
3912fba8-b6cc-498b-a502-7b1eb060e765	unclassified	0	0	0	0	2752	1
223b6ffa-0010-4754-bd33-e9ac37cdc746	cid|90245	90245	3481	0	74	1474	1
069579b2-c845-48f7-9c65-171d05324d8f	unclassified	0	0	0	0	1570	1
574c0722-e956-4d5b-a29b-f94d5b352290	cid|1678129	1678129	541	0	61	1379	1
24109817-07a2-4de1-92c3-95c19f4638d4	cid|944547	944547	3067	0	130	4506	1
ffa3c907-4947-49e8-bbaa-0e3bf0670bf0	unclassified	0	0	0	0	2041	1
dfe4c423-ff76-4c8d-a1e3-4daddf938c2f	cid|79329	79329	1525	900	112	1293	1
a213a53e-6c30-4cff-aa3a-4ab540109eb7	cid|1307763	1307763	625	0	40	1521	1
59c228dd-0840-4172-bca0-d1f9de28de70	cid|2058135	2058135	676	324	41	1522	1
6b39bcee-7507-4548-a3a0-36ffdd6140fb	cid|1636152	1636152	1681	0	56	1110	1
a4db64cc-d708-4ded-9d41-38dd6bda6486	cid|640510	640510	1089	0	48	2798	1
a27394e2-698c-4924-b02a-92503f70ac97	cid|84163	84163	1369	1369	52	1437	2
a27394e2-698c-4924-b02a-92503f70ac97	cid|467094	467094	1369	1369	52	1437	2
e7740982-1af7-43a9-b524-4344433bcf03	cid|1173263	1173263	1296	0	51	1474	1
c42853d8-397d-48a9-9aee-6c81d2c1ee96	cid|28901	28901	324	324	33	1157	3
c42853d8-397d-48a9-9aee-6c81d2c1ee96	cid|303	303	324	324	33	1157	3
c42853d8-397d-48a9-9aee-6c81d2c1ee96	cid|353	353	324	324	33	1157	3
e34c8e92-7eac-47f7-94b2-bf7875640d9e	cid|216465	216465	3770	0	176	1621	1
7afe55e3-c72b-497b-8c77-3816d2a27f0d	cid|72	72	961	0	46	1447	1
cd3a0ed0-42b0-46d7-a4e9-b51e153ff8b1	unclassified	0	0	0	0	1387	1
31f3fc1c-861b-484b-be63-b5823ec23c3e	cid|28901	28901	729	0	42	1513	1
2ef109c3-9304-4f9d-b52e-8b5b3b4af9e7	cid|28108	28108	1024	0	47	1539	1
953b26bb-78be-4b0b-894c-5792bb99024f	cid|96345	96345	629	256	63	1546	1
f4f1a171-32bf-4bd1-9bf1-bced5107750b	cid|1335048	1335048	2830	0	131	1635	1
c38b4437-4241-4c09-97d3-be9a5c1c51d9	cid|28197	28197	1360	0	82	1624	1
7405cd1e-6406-47ae-96df-fc7a713e389e	cid|1658672	1658672	225	169	30	1595	1
7f69aeeb-42d8-400a-b302-4c0c850cf35f	cid|878220	878220	361	0	34	1622	1
520b6be8-b12f-49bf-96c1-8316c31e2504	cid|1108595	1108595	676	676	41	1599	2
520b6be8-b12f-49bf-96c1-8316c31e2504	cid|2059672	2059672	676	676	41	1599	2
de862cea-37d5-4b27-aa5e-816e083cdbb8	cid|43948	43948	841	484	44	1288	1
40e81f0b-e974-4690-a019-3530832e7127	cid|84163	84163	441	441	36	1445	2
40e81f0b-e974-4690-a019-3530832e7127	cid|467094	467094	441	441	36	1445	2
18dcd963-d178-442d-9429-d1864d45673a	cid|67780	67780	1600	0	55	1111	1
cce8d0e6-9fca-4968-930a-e6c60181cbe5	cid|944547	944547	9620	0	504	1523	1
da2c647f-c5fe-4fc0-bd2e-98d4472b79bd	cid|562	562	3061	0	186	1511	1
7e59e330-de15-4b8d-876a-d26c1390860a	cid|215689	215689	529	0	38	1617	1
34c05f94-5dcf-4774-89ef-a1fa7c78b192	unclassified	0	0	0	0	1598	1
7f5d4bda-0966-44cc-9d29-19efd7e7cbe3	unclassified	0	0	0	0	2828	1
96bb38f2-4d9e-4f88-bb55-ec294291d126	cid|1930532	1930532	637	0	65	1476	1
f0f6c4cf-244a-42f9-b212-710dbcef8925	cid|1678128	1678128	2787	0	217	3052	1
7f663dca-626f-4251-a955-d18b6bd2a43b	cid|1639	1639	2304	225	63	1584	1
c2ce839b-10ee-411a-9dc5-e59274176d30	cid|944547	944547	6744	0	173	3832	1
1b23aa3a-f0d9-426a-955d-2cbe157603e9	cid|944547	944547	4421	0	272	1432	1
753cbbb8-6ded-4648-ab7a-6836f5222379	cid|467094	467094	2304	2304	63	1421	2
753cbbb8-6ded-4648-ab7a-6836f5222379	cid|84163	84163	2304	2304	63	1421	2
5569d3be-2d1d-4b73-9ac4-3de691d8de2a	cid|944547	944547	12512	0	328	1469	1
6a51ade0-070e-4a15-a264-7901dd44bc30	cid|936456	936456	2116	0	61	1935	1
33a6397c-d587-40d6-9b7d-eecd26b1686c	cid|1168034	1168034	841	484	44	1520	1
a8d96a42-8882-42c9-a5fe-b33e21d1186e	cid|158	158	529	0	38	1605	1
1b5c682d-90f4-44fd-8b0b-48a1d1ed5809	cid|996	996	144	144	27	1441	2
1b5c682d-90f4-44fd-8b0b-48a1d1ed5809	cid|2058135	2058135	144	144	27	1441	2
b7cfbd2f-6ab2-4f60-bd1b-447b9d2bf936	cid|33941	33941	1089	1089	48	1434	2
b7cfbd2f-6ab2-4f60-bd1b-447b9d2bf936	cid|492670	492670	1089	1089	48	1434	2
15102373-7c5d-468a-bb50-6412c57ea33d	cid|55197	55197	1769	0	83	1569	1
dc1af01d-a032-4186-b5ca-6171138b3304	unclassified	0	0	0	0	1248	1
bde0588e-102b-4e60-b175-6e02229158eb	cid|257708	257708	1849	1849	58	2384	2
bde0588e-102b-4e60-b175-6e02229158eb	cid|2018065	2018065	1849	1849	58	2384	2
953882c0-9db8-40a2-9401-b4c29bc6f456	cid|944547	944547	20158	361	277	1494	1
f638e407-3ec0-4760-b92d-6d1bff422183	cid|996	996	2500	1600	65	1448	1
74363831-a1a9-4f6d-b72c-64d203019ae0	cid|29510	29510	400	196	35	1499	1
047f1cd0-3b61-475d-b836-e8b30e9278c3	cid|39491	39491	515	121	84	1446	1
6fad912a-ea65-4ff1-bba2-8792b7fff91d	cid|296591	296591	1745	0	89	1502	1
ae359831-4bcf-4de4-a320-7af8b42b3083	cid|1458425	1458425	576	576	39	1605	4
ae359831-4bcf-4de4-a320-7af8b42b3083	cid|1678128	1678128	576	576	39	1605	4
ae359831-4bcf-4de4-a320-7af8b42b3083	cid|1763535	1763535	576	576	39	1605	4
ae359831-4bcf-4de4-a320-7af8b42b3083	cid|1458426	1458426	576	576	39	1605	4
48beb889-236b-4348-bed7-d1ff70ff8a3e	cid|1484693	1484693	1537	0	85	1594	1
c9d2ce43-fcbe-4e63-8b58-abba95cc6060	cid|1850250	1850250	2146	0	86	1355	1
b1e36fbf-5f18-4852-9273-dd02b032959c	cid|1662458	1662458	400	400	35	1336	5
b1e36fbf-5f18-4852-9273-dd02b032959c	cid|1662457	1662457	400	400	35	1336	5
b1e36fbf-5f18-4852-9273-dd02b032959c	cid|553814	553814	400	400	35	1336	5
b1e36fbf-5f18-4852-9273-dd02b032959c	cid|1842533	1842533	400	400	35	1336	5
b1e36fbf-5f18-4852-9273-dd02b032959c	cid|1662456	1662456	400	400	35	1336	5
01fd41e1-72fb-4355-a407-79a7c8724323	cid|1484693	1484693	676	529	41	6956	1
c55cb5d2-8bbb-4cbe-991b-88a1841ecf2a	unclassified	0	0	0	0	1368	1
451e5d2b-0287-4c68-b333-361dae791d3d	cid|1173263	1173263	610	0	64	1418	1
a28db674-dd74-4276-a854-f77f54527ede	cid|1055487	1055487	961	961	46	1419	4
a28db674-dd74-4276-a854-f77f54527ede	cid|2109914	2109914	961	961	46	1419	4
a28db674-dd74-4276-a854-f77f54527ede	cid|359408	359408	961	961	46	1419	4
a28db674-dd74-4276-a854-f77f54527ede	cid|36861	36861	961	961	46	1419	4
c1f7e179-eae2-4b7f-885c-ac6a4afcfb02	cid|1061	1061	841	225	44	1530	1
1018301b-a973-4e28-b000-d46eddf636d6	cid|96942	96942	1521	1521	54	1496	2
1018301b-a973-4e28-b000-d46eddf636d6	cid|511062	511062	1521	1521	54	1496	2
8bfbdb88-2022-4187-8572-07ba33340290	cid|1884913	1884913	4741	4741	183	1064	3
8bfbdb88-2022-4187-8572-07ba33340290	cid|1884905	1884905	4741	4741	183	1064	3
8bfbdb88-2022-4187-8572-07ba33340290	cid|1884914	1884914	4741	4741	183	1064	3
9730c794-dd6b-4cc8-9e72-6fb7ab2afd9f	cid|944547	944547	6804	0	316	1500	1
780718af-4c26-4231-b4b3-225ec41d298f	unclassified	0	0	0	0	1417	1
fdead1eb-7d44-43dd-8cbc-39c4c000c298	cid|627192	627192	729	0	42	1456	1
89f32f9d-76ce-4074-b687-70ddbfd2e5d5	unclassified	0	0	0	0	1238	1
a5c1a961-d547-4195-8c07-f71193f936b8	cid|423605	423605	289	289	32	1555	2
a5c1a961-d547-4195-8c07-f71193f936b8	cid|63	63	289	289	32	1555	2
84302425-3dbf-426c-b3c3-2d5c8b04086d	cid|53408	53408	4624	0	83	1504	1
d82f6a0a-b1cb-4036-b110-93bd839e3748	cid|34003	34003	5045	0	129	1522	1
3e569562-1fdc-48c3-a1f4-7b8ee43a1a68	cid|1834519	1834519	100	0	25	1506	1
41656f1f-228e-4d73-b78c-54fb1858a5cc	cid|1410383	1410383	529	0	38	1535	1
aef4c91d-1d38-4197-9484-68fa277cb018	cid|944547	944547	6218	2916	124	1331	1
f04168a2-0f24-4fd8-8c29-899e8ffb3fd1	cid|1173263	1173263	2401	0	64	1521	1
de22f550-c961-4ae6-81c6-eb99f9480d8d	cid|985	985	4033	0	101	1463	1
05f38289-c08a-42c3-b088-98d27f532cee	cid|844	844	1225	1225	50	1468	2
05f38289-c08a-42c3-b088-98d27f532cee	cid|1257021	1257021	1225	1225	50	1468	2
cb49059c-e750-4256-ab51-bd86d5e6316f	cid|562	562	529	0	38	1533	1
bab54d0b-35ab-4ac5-9405-4ded6db63847	cid|84163	84163	961	961	46	1443	2
bab54d0b-35ab-4ac5-9405-4ded6db63847	cid|467094	467094	961	961	46	1443	2
257461bf-180e-4318-8b4f-7e08072c85a2	cid|61435	61435	289	225	32	1754	1
ff3e903d-6895-4dc2-85dd-6c2fd32a0918	cid|1842537	1842537	3969	3969	78	1741	4
ff3e903d-6895-4dc2-85dd-6c2fd32a0918	cid|795665	795665	3969	3969	78	1741	4
ff3e903d-6895-4dc2-85dd-6c2fd32a0918	cid|225992	225992	3969	3969	78	1741	4
ff3e903d-6895-4dc2-85dd-6c2fd32a0918	cid|1082851	1082851	3969	3969	78	1741	4
3b930e6a-6d38-41c8-8d73-0593683e0d1c	cid|471827	471827	441	441	36	1475	4
3b930e6a-6d38-41c8-8d73-0593683e0d1c	cid|1173026	1173026	441	441	36	1475	4
3b930e6a-6d38-41c8-8d73-0593683e0d1c	cid|195253	195253	441	441	36	1475	4
3b930e6a-6d38-41c8-8d73-0593683e0d1c	cid|2005462	2005462	441	441	36	1475	4
99eccb52-340f-4c4b-a4a1-e1122405802d	cid|1108	1108	625	625	40	1601	2
99eccb52-340f-4c4b-a4a1-e1122405802d	cid|480224	480224	625	625	40	1601	2
ccdc614d-31de-4211-9b3f-1603d8046ff7	cid|870	870	1521	484	54	1135	1
079db28a-8a66-4af7-a894-caf8c1d3ab75	cid|2350	2350	4824	0	244	1434	1
819037bd-e8e6-4179-aae9-b1973ca3d85b	cid|1913578	1913578	1021	0	71	1404	1
4e2abb01-6be8-4fd3-951f-002973b7fb11	cid|1495769	1495769	625	484	40	1516	1
775492cd-aea8-4be1-b5bc-605c4a0526b3	genus	59	81	81	24	1150	4
775492cd-aea8-4be1-b5bc-605c4a0526b3	genus	12916	81	81	24	1150	4
775492cd-aea8-4be1-b5bc-605c4a0526b3	family	119060	81	81	24	1150	4
775492cd-aea8-4be1-b5bc-605c4a0526b3	genus	2745	81	81	24	1150	4
df719b3c-7994-4a5e-bbf8-0a44a4ed6843	cid|649841	649841	1082	0	72	1472	1
a15689b7-cae3-4243-a7bd-568c2257d15b	unclassified	0	0	0	0	1337	1
845223d6-6b92-40b9-a9ad-50492be4276a	cid|106	106	961	961	46	1535	2
845223d6-6b92-40b9-a9ad-50492be4276a	cid|985	985	961	961	46	1535	2
abbd367a-cca4-49e3-beda-a0fdc1ab455c	cid|67780	67780	4317	576	140	1524	1
50aa19eb-490e-4eae-b426-1fc6fe557e5e	cid|1838286	1838286	144	144	27	1471	3
50aa19eb-490e-4eae-b426-1fc6fe557e5e	cid|2026799	2026799	144	144	27	1471	3
50aa19eb-490e-4eae-b426-1fc6fe557e5e	cid|107709	107709	144	144	27	1471	3
765db002-d971-4613-b0f8-d76c9feef3dd	cid|28901	28901	225	169	30	1517	1
72416182-2625-4d42-b39b-166384bd28dd	cid|944547	944547	1709	0	87	1389	1
40c69e8f-10d8-4449-a84b-b88b43edfdff	cid|571	571	196	196	29	1571	2
40c69e8f-10d8-4449-a84b-b88b43edfdff	cid|28901	28901	196	196	29	1571	2
3e3fd96d-5f75-400e-8317-2a987b52ef5f	cid|1257021	1257021	169	169	28	2947	2
3e3fd96d-5f75-400e-8317-2a987b52ef5f	cid|1849491	1849491	169	169	28	2947	2
3739be31-7e5f-4c89-89cd-c4d6397fe050	cid|155077	155077	64	0	23	3629	1
c8104a5f-6093-47bb-bfcc-931df218bcf3	cid|1014	1014	784	169	43	1462	1
0c65ed47-f456-40ea-a58e-8014656d57e8	cid|571913	571913	3364	3364	73	1664	2
0c65ed47-f456-40ea-a58e-8014656d57e8	cid|1658671	1658671	3364	3364	73	1664	2
5d2a055b-1374-45cf-83b1-417275c5c54e	cid|107709	107709	1022	0	97	1494	1
98886fe9-6be4-4bc9-82e6-b909dc397fbe	cid|1637999	1637999	434	196	79	1532	1
b86921dd-a955-4981-9c8d-8a24d0442d3f	cid|948519	948519	841	144	44	1543	1
bf7ae468-23d5-43d0-bda1-fe03e5c4b2a0	cid|1335048	1335048	2304	0	63	1658	1
720fc542-bd32-45ed-90d9-fecb8297b4e5	cid|1492898	1492898	576	121	39	1565	1
3c244365-6d54-4918-b424-1580e1e809b5	cid|84590	84590	493	0	61	1671	1
494d5d11-4691-4140-a127-7deda580de91	cid|119219	119219	64	0	23	1104	1
997ac0df-dbb8-42ac-bd5a-ee40a49c1bbc	cid|39485	39485	5929	1764	92	1005	1
29417f43-0086-45aa-b878-0ecc58b6f155	cid|1150389	1150389	225	100	30	1562	1
875ddd95-a773-4fb2-9c38-14d38f559041	cid|75385	75385	653	0	65	1561	1
27727fbb-aa10-45b5-b298-5991db52d709	cid|1643450	1643450	6890	0	138	2011	1
a2dbf09e-d1b2-44cf-a609-e30fcf937a01	cid|1231	1231	64	64	23	1641	2
a2dbf09e-d1b2-44cf-a609-e30fcf937a01	cid|441209	441209	64	64	23	1641	2
16003a80-6ed8-4207-a98c-139489d480c4	cid|28197	28197	9690	0	238	1593	1
74c445fd-826a-456c-b741-ae13c23f8cd4	cid|1244531	1244531	576	576	39	1664	3
74c445fd-826a-456c-b741-ae13c23f8cd4	cid|1620421	1620421	576	576	39	1664	3
74c445fd-826a-456c-b741-ae13c23f8cd4	cid|2065379	2065379	576	576	39	1664	3
50c61a25-1415-4fcb-bffe-54c45e55c6ae	cid|186931	186931	1296	169	51	1527	1
5869531e-2729-4919-b012-e0f564b54e98	cid|477680	477680	900	0	45	3073	1
e486619b-b1ed-48c8-99ff-72d9ba32d4e3	cid|1335048	1335048	2319	0	168	1522	1
7e0f4bd9-7fd1-49f0-992e-12e215f7ddb2	cid|1678128	1678128	2210	0	148	1512	1
71c21330-d884-433a-b2eb-7e86b4e10179	cid|1639	1639	729	81	42	1589	1
053b5aef-29e4-450e-a0e7-e4a06bbc8e53	cid|649756	649756	1225	1225	50	1511	2
053b5aef-29e4-450e-a0e7-e4a06bbc8e53	cid|759620	759620	1225	1225	50	1511	2
ad7f3c65-acee-4adf-ad34-f180aad3d086	cid|1197717	1197717	196	196	29	1449	2
ad7f3c65-acee-4adf-ad34-f180aad3d086	cid|42422	42422	196	196	29	1449	2
fd55c373-87f4-4a85-9f41-8c814e65a6ee	unclassified	0	0	0	0	1787	1
c343d64e-8b4b-4c7b-a4f3-d16dea8082bd	cid|167642	167642	441	169	36	1583	1
0d5fe9a0-9b4e-41bc-aaa6-6b4f9fe88283	cid|562	562	4356	0	81	1555	1
a87d12a9-8b67-49f6-bf8e-04f72c02db91	cid|2109915	2109915	4461	1296	146	1622	1
cc38f9f9-522d-4a45-ac6b-cee6389116cb	cid|1727163	1727163	776	0	66	1470	1
2585bbe1-ce61-41fd-b342-c00e3e438382	cid|545	545	676	676	41	1496	3
2585bbe1-ce61-41fd-b342-c00e3e438382	cid|57706	57706	676	676	41	1496	3
2585bbe1-ce61-41fd-b342-c00e3e438382	cid|550	550	676	676	41	1496	3
712d40d0-2d70-4fdf-b251-950e8613787f	cid|1351	1351	3714	0	137	1562	1
abceab97-4662-428e-8bc5-b9865cd62081	cid|944547	944547	19168	0	495	1476	1
15eae010-f32b-4475-a676-40bd69e029da	cid|303	303	576	576	39	1420	2
15eae010-f32b-4475-a676-40bd69e029da	cid|34062	34062	576	576	39	1420	2
5ae50a50-e0c0-4e8b-a044-2883bf328421	cid|2005462	2005462	441	441	36	1520	4
5ae50a50-e0c0-4e8b-a044-2883bf328421	cid|195253	195253	441	441	36	1520	4
5ae50a50-e0c0-4e8b-a044-2883bf328421	cid|1173026	1173026	441	441	36	1520	4
5ae50a50-e0c0-4e8b-a044-2883bf328421	cid|471827	471827	441	441	36	1520	4
a2b8813e-78b4-4838-9de5-913720fc251c	cid|104	104	900	900	45	1465	5
a2b8813e-78b4-4838-9de5-913720fc251c	cid|985	985	900	900	45	1465	5
a2b8813e-78b4-4838-9de5-913720fc251c	cid|320787	320787	900	900	45	1465	5
a2b8813e-78b4-4838-9de5-913720fc251c	cid|232259	232259	900	900	45	1465	5
a2b8813e-78b4-4838-9de5-913720fc251c	cid|1727163	1727163	900	900	45	1465	5
9dbd9f6b-259f-42e8-a426-540459867876	cid|298653	298653	729	529	42	1554	1
e0dd8882-a8e4-45ea-842b-12f54c935153	cid|246787	246787	529	0	38	1431	1
ad104928-87ab-4f4e-9fc5-dc07c9dfa1e5	cid|1307763	1307763	832	576	70	1532	1
e1241477-41ee-4da0-9207-edb02b105814	cid|1763535	1763535	2353	0	151	1594	1
e965814d-accc-4e4e-862a-9b643275731a	cid|1076	1076	900	441	45	1281	1
f11324a3-b67a-4528-9261-06fe5ea18242	cid|2109915	2109915	400	196	35	1484	1
34ee565a-fd77-4bda-a565-63d93deb3521	cid|259537	259537	2857	0	97	1624	1
a0f3877e-4b15-4b5a-9902-480e56396f7e	cid|316068	316068	617	0	65	1435	1
12535154-d694-41ca-8138-29570b58fcfb	cid|1486991	1486991	900	0	45	1524	1
695e1505-5769-4b86-80e3-357693fefb85	cid|665913	665913	2401	0	64	1592	1
e8c6a96e-2db7-46e7-aad4-fb9ff288b853	cid|1986224	1986224	1189	0	100	1479	1
ec9caaea-d78b-480e-b283-b008b474b710	cid|179636	179636	1202	0	78	1460	1
04f59a99-0c7a-4b90-aa86-6408afbf5b39	cid|133539	133539	64	0	23	1456	1
b0fa8f78-122e-4934-bedc-8eade0abb380	cid|192843	192843	225	0	30	1329	1
724534c9-19d7-426f-913e-9ba409c36941	cid|1842727	1842727	4804	0	176	1519	1
8a175194-8588-4ba0-b904-9fbb17bae04c	cid|2058135	2058135	400	0	35	1473	1
f7e06d78-2945-40d9-9628-8dfd3b3f4168	cid|1563	1563	64	0	23	1689	1
c086ce9d-41d2-4bec-afff-2a3caf70f1f9	cid|195253	195253	1369	1369	52	1453	3
c086ce9d-41d2-4bec-afff-2a3caf70f1f9	cid|1173026	1173026	1369	1369	52	1453	3
c086ce9d-41d2-4bec-afff-2a3caf70f1f9	cid|2005462	2005462	1369	1369	52	1453	3
cd1abdd6-b7b0-46af-a853-4496eb1f71b4	cid|1727163	1727163	484	484	37	1704	5
cd1abdd6-b7b0-46af-a853-4496eb1f71b4	cid|320787	320787	484	484	37	1704	5
cd1abdd6-b7b0-46af-a853-4496eb1f71b4	cid|232259	232259	484	484	37	1704	5
cd1abdd6-b7b0-46af-a853-4496eb1f71b4	cid|104	104	484	484	37	1704	5
cd1abdd6-b7b0-46af-a853-4496eb1f71b4	cid|985	985	484	484	37	1704	5
cffa346f-9afd-4acb-980e-1a3d3ed30a2e	cid|2049935	2049935	3025	0	70	1507	1
9c6f247c-3c93-4523-ac39-68dd99030830	cid|2083051	2083051	225	0	30	1418	1
6946a6dc-64a8-421e-892d-6cf6a9dea3f2	cid|1055487	1055487	5032	0	242	3055	1
ccca1d91-78be-44a8-8c87-3a6c3a94a527	cid|1491	1491	729	0	42	1529	1
cb1a4a59-92ed-4c57-b32f-1c51d17f81e9	cid|28901	28901	1444	0	53	1621	1
85c1881d-fda9-4a43-8321-cbabb798dd48	unclassified	0	0	0	0	2058	1
4493c408-4be3-4a58-a89a-068ad664d087	cid|2116657	2116657	169	0	28	1093	1
babf97b8-368d-49a3-b203-6f9eaf5e2afc	cid|543913	543913	610	610	62	1646	4
babf97b8-368d-49a3-b203-6f9eaf5e2afc	cid|576611	576611	610	610	62	1646	4
babf97b8-368d-49a3-b203-6f9eaf5e2afc	cid|1835254	1835254	610	610	62	1646	4
babf97b8-368d-49a3-b203-6f9eaf5e2afc	cid|576610	576610	610	610	62	1646	4
3e362d2e-b902-404a-a8a8-ed0b74531acc	cid|148813	148813	196	0	29	1892	1
1b86ba9c-e059-472a-86ad-b4bd572a734d	cid|105560	105560	2260	0	92	1654	1
28033e0c-e553-4d81-9e3a-3731f34b6e3b	cid|79329	79329	1521	1521	54	1612	2
28033e0c-e553-4d81-9e3a-3731f34b6e3b	cid|2029983	2029983	1521	1521	54	1612	2
facf2381-13f7-40aa-bcf6-208d3d5ef128	cid|1168034	1168034	2025	0	60	1491	1
d3858c20-1d9f-4814-97d4-045fbf3c9cd4	cid|118323	118323	289	289	32	1516	3
d3858c20-1d9f-4814-97d4-045fbf3c9cd4	cid|1173263	1173263	289	289	32	1516	3
d3858c20-1d9f-4814-97d4-045fbf3c9cd4	cid|482564	482564	289	289	32	1516	3
5a4cf094-9a4e-485d-8193-acf0c8428907	cid|29430	29430	3481	3481	74	1504	2
5a4cf094-9a4e-485d-8193-acf0c8428907	cid|106648	106648	3481	3481	74	1504	2
541600bb-3fc6-4eb5-88bc-cba0c9a8c028	cid|84163	84163	1089	1089	48	1441	2
541600bb-3fc6-4eb5-88bc-cba0c9a8c028	cid|467094	467094	1089	1089	48	1441	2
8e752e01-8b93-46ae-b8fb-41028ab61864	cid|466153	466153	289	289	32	1499	2
8e752e01-8b93-46ae-b8fb-41028ab61864	cid|1387353	1387353	289	289	32	1499	2
4a74c391-e3f6-4937-ae67-a70e0554d35a	cid|1236179	1236179	2025	441	60	2183	1
5e83e51d-9829-4730-b436-cf5acb5c08c6	unclassified	0	0	0	0	1040	1
b6599f9f-d6e9-4425-8962-33dc70d2d52d	cid|62322	62322	81	0	24	2023	1
f46fa927-9b93-4ebf-8b35-5982b67b671e	cid|361183	361183	225	100	30	1781	1
0bf346da-6243-4568-bbec-4028f388777c	cid|375286	375286	361	361	34	2431	5
0bf346da-6243-4568-bbec-4028f388777c	cid|535712	535712	361	361	34	2431	5
0bf346da-6243-4568-bbec-4028f388777c	cid|93222	93222	361	361	34	2431	5
0bf346da-6243-4568-bbec-4028f388777c	cid|573737	573737	361	361	34	2431	5
0bf346da-6243-4568-bbec-4028f388777c	cid|656178	656178	361	361	34	2431	5
1e84a5de-4ae7-4510-96d6-f695f38615c4	cid|1763535	1763535	3136	3136	71	1537	4
1e84a5de-4ae7-4510-96d6-f695f38615c4	cid|1458425	1458425	3136	3136	71	1537	4
1e84a5de-4ae7-4510-96d6-f695f38615c4	cid|1678128	1678128	3136	3136	71	1537	4
1e84a5de-4ae7-4510-96d6-f695f38615c4	cid|1458426	1458426	3136	3136	71	1537	4
8f2be58b-27ad-4ee2-b1e4-41f611137d19	cid|1678128	1678128	4067	81	142	1127	1
2eb2db76-06ea-414e-b310-b6a084adabaf	cid|28187	28187	225	0	30	1480	1
f30d5871-43f8-45ff-bb91-37e814df6f8c	cid|1834519	1834519	841	0	44	1523	1
2ec4cca5-3185-4bdc-87d8-7c7cd4d8cead	cid|216465	216465	169	64	28	1655	1
8819c6d1-c81d-4208-b45c-e066a036fad8	cid|1280	1280	1384	289	82	1504	1
abb89f42-27dc-4cf8-a943-964d21f68bde	cid|1678128	1678128	934	0	118	3074	1
368d362d-3749-4dd4-ba4e-38d6aa48ca2f	cid|1744	1744	1764	1764	57	1446	3
368d362d-3749-4dd4-ba4e-38d6aa48ca2f	cid|467094	467094	1764	1764	57	1446	3
368d362d-3749-4dd4-ba4e-38d6aa48ca2f	cid|84163	84163	1764	1764	57	1446	3
f7dccbeb-4a2b-48ce-b462-f64b15c7cf95	cid|2058135	2058135	841	841	44	1446	2
f7dccbeb-4a2b-48ce-b462-f64b15c7cf95	cid|996	996	841	841	44	1446	2
4a11c1bc-7fd4-485b-9d40-cf19704d4a80	cid|2049935	2049935	441	441	36	2330	2
4a11c1bc-7fd4-485b-9d40-cf19704d4a80	cid|96942	96942	441	441	36	2330	2
ffb57eef-d463-4d8f-b9d6-464c4d83bdf6	cid|645	645	2254	0	148	1171	1
e19c245d-dcfc-4a05-8aa9-c75df666b3c4	cid|332249	332249	361	361	34	1532	2
e19c245d-dcfc-4a05-8aa9-c75df666b3c4	cid|1502	1502	361	361	34	1532	2
a17cfd00-19f4-4358-b639-05e60c614320	cid|2058136	2058136	676	0	41	2695	1
261db0ee-60a2-4f40-852a-afa3dee831db	cid|296591	296591	324	225	33	1393	1
d615deef-3047-466e-b674-faf131b1e305	cid|1322	1322	2704	0	67	1504	1
68d94a4f-5b78-446e-8324-93a494f6cd89	cid|2029983	2029983	729	729	42	1490	2
68d94a4f-5b78-446e-8324-93a494f6cd89	cid|79329	79329	729	729	42	1490	2
515c3d88-d721-4114-8438-f618993d1040	cid|467094	467094	841	841	44	1422	2
515c3d88-d721-4114-8438-f618993d1040	cid|84163	84163	841	841	44	1422	2
b2ad361c-356c-48d9-92fb-0e4636b2ff67	cid|985	985	1832	0	90	2791	1
9a7c90e4-7988-4008-bb6c-309acfb534d8	cid|192843	192843	1301	0	81	1525	1
c517950b-e14d-44a9-adc7-7ba07089e402	cid|332055	332055	1849	1849	58	3253	3
c517950b-e14d-44a9-adc7-7ba07089e402	cid|46429	46429	1849	1849	58	3253	3
c517950b-e14d-44a9-adc7-7ba07089e402	cid|1315974	1315974	1849	1849	58	3253	3
7543495e-bf85-417f-a239-52f2f5d58283	cid|1055487	1055487	15150	14744	280	1020	1
b6060838-6931-4710-936c-09c1ccc7b0fb	cid|1390	1390	3005	0	97	1411	1
5ee6745d-43fa-45c1-b953-d22db9b84e3a	cid|1335048	1335048	221	0	51	1544	1
c9d153ae-5e5b-4700-baf5-963e88ff9a74	cid|44574	44574	121	121	26	1447	2
c9d153ae-5e5b-4700-baf5-963e88ff9a74	cid|40269	40269	121	121	26	1447	2
14271ea7-b30e-486d-9780-fd71021b46df	cid|303	303	484	0	37	1437	1
ebfb9623-ae7e-41ef-9d71-90372a797ec3	unclassified	0	0	0	0	1449	1
6597ff9c-8cc7-435f-b406-e940afc563f6	cid|1484693	1484693	2500	0	65	1442	1
060872a5-e07e-49de-8f20-b5e208bdd73e	cid|53408	53408	1681	784	56	1568	1
565690ca-7dc9-4684-ba50-d73b6263e727	cid|1515612	1515612	2304	400	63	1100	1
7da8b8e4-151e-443a-9dd1-b1ed2ec75564	cid|2066051	2066051	289	289	32	1710	2
7da8b8e4-151e-443a-9dd1-b1ed2ec75564	cid|623	623	289	289	32	1710	2
ed753ff4-f9cf-417d-b514-342b4c2324d3	cid|298654	298654	64	0	23	1227	1
1a8dcbe9-33a0-4c9f-a943-d2b70ec0fa36	cid|195253	195253	441	441	36	1477	5
1a8dcbe9-33a0-4c9f-a943-d2b70ec0fa36	cid|1173263	1173263	441	441	36	1477	5
1a8dcbe9-33a0-4c9f-a943-d2b70ec0fa36	cid|482564	482564	441	441	36	1477	5
1a8dcbe9-33a0-4c9f-a943-d2b70ec0fa36	cid|1173025	1173025	441	441	36	1477	5
1a8dcbe9-33a0-4c9f-a943-d2b70ec0fa36	cid|118323	118323	441	441	36	1477	5
3c5cf180-5c6e-445f-83e5-6d4a2472fd72	cid|926	926	1296	0	51	1535	1
c95e5d36-137a-417d-a836-a4ebb66e6529	cid|1260	1260	256	0	31	1485	1
add8f3d9-cf7f-42d6-9a03-2d9a0028abb7	cid|67780	67780	1997	0	93	1621	1
651cad9b-ebaf-4fe0-a18f-49f2cdc77b89	cid|1639	1639	2304	0	63	1380	1
9fc00ea7-5d15-4d2a-867a-e020c12f066d	cid|249402	249402	324	324	33	1433	3
9fc00ea7-5d15-4d2a-867a-e020c12f066d	cid|390884	390884	324	324	33	1433	3
9fc00ea7-5d15-4d2a-867a-e020c12f066d	cid|1257021	1257021	324	324	33	1433	3
87fe0083-b993-4ac9-a06c-6305ef3214c6	cid|1055487	1055487	8155	0	246	1550	1
cb2de764-314b-43fe-9e79-3a31426ec496	unclassified	0	0	0	0	1277	1
a29eddf3-c437-404d-8a4d-4d52090632ad	unclassified	0	0	0	0	1463	1
f128d603-7d35-4ff5-bb2f-10b6025bc959	cid|1335048	1335048	1786	0	144	1437	1
1d8e939d-efc4-459d-be7a-dbd75679aa44	cid|1613	1613	2005	0	122	1448	1
f1961918-1b13-4929-be5e-c97bee26136f	cid|471827	471827	361	361	34	1439	3
f1961918-1b13-4929-be5e-c97bee26136f	cid|2005462	2005462	361	361	34	1439	3
f1961918-1b13-4929-be5e-c97bee26136f	cid|1173026	1173026	361	361	34	1439	3
42a52a43-6f90-491b-bf1b-f44d1aaeeb1c	cid|1678128	1678128	900	900	45	1526	2
42a52a43-6f90-491b-bf1b-f44d1aaeeb1c	cid|1458426	1458426	900	900	45	1526	2
3b5d30aa-db4b-4f5b-966e-854a7a2714f3	cid|1404244	1404244	64	0	23	3263	1
631cb4f9-466f-42d8-9ac0-471e42cd37e4	cid|996	996	225	0	30	1121	1
1bfd14df-0f03-42ef-959a-4f78170ac0e5	cid|67780	67780	676	676	41	1512	2
1bfd14df-0f03-42ef-959a-4f78170ac0e5	cid|190893	190893	676	676	41	1512	2
2b75d4a6-6cdd-4839-a2b3-4deadc4dc994	cid|148813	148813	164	0	48	1535	1
634217e8-d7bb-42cf-8841-8689f48bdae9	cid|59893	59893	64	64	23	1407	2
634217e8-d7bb-42cf-8841-8689f48bdae9	cid|1406	1406	64	64	23	1407	2
609db18d-1652-4d16-8d15-95a793707b91	unclassified	0	0	0	0	1417	1
04cba0e5-3ec0-4bb7-98c0-ce25e586c148	unclassified	0	0	0	0	1940	1
3423bb39-14a1-45ac-9b31-ce0045f9271a	cid|1834519	1834519	441	0	36	1545	1
5b2ba25a-2b83-40a4-9220-1500c1c87619	cid|296591	296591	1659	0	158	1578	1
150e0a7c-3274-4404-99fe-5cc48884c731	unclassified	0	0	0	0	1034	1
157f3d6d-5de7-4e62-806f-95cfd852d96f	cid|305	305	676	676	41	1518	4
157f3d6d-5de7-4e62-806f-95cfd852d96f	cid|1835254	1835254	676	676	41	1518	4
157f3d6d-5de7-4e62-806f-95cfd852d96f	cid|576611	576611	676	676	41	1518	4
157f3d6d-5de7-4e62-806f-95cfd852d96f	cid|543913	543913	676	676	41	1518	4
24d16684-2a0b-4856-90ed-1a4c42590271	cid|436515	436515	1325	0	75	1488	1
166b5751-f643-469d-af01-20d5d4986e9b	cid|1850254	1850254	6889	2245	98	1472	1
9cfb4fa9-f73a-4e14-82f0-24cbde3401c7	cid|562	562	1156	0	49	1341	1
ab25b139-cd1a-4ccc-ad48-b611b696d803	cid|1003110	1003110	1296	0	51	1435	1
45990c67-ae4f-468f-b087-b4ba37202a72	cid|330214	330214	5730	0	213	1044	1
2aa7ce91-e4be-4717-9735-ea4549a56e02	cid|471827	471827	3721	625	76	1317	1
d1992c0f-266d-4eab-9924-be46be70c649	cid|2058135	2058135	441	441	36	1629	2
d1992c0f-266d-4eab-9924-be46be70c649	cid|996	996	441	441	36	1629	2
86f5325c-df8f-4f6f-9f81-ab08dcc2deba	cid|742013	742013	1024	0	47	1204	1
142b8ec2-e547-489c-8dde-60575f661e1f	cid|41276	41276	2116	2116	61	1447	5
142b8ec2-e547-489c-8dde-60575f661e1f	cid|1532555	1532555	2116	2116	61	1447	5
142b8ec2-e547-489c-8dde-60575f661e1f	cid|1827469	1827469	2116	2116	61	1447	5
142b8ec2-e547-489c-8dde-60575f661e1f	cid|88688	88688	2116	2116	61	1447	5
142b8ec2-e547-489c-8dde-60575f661e1f	cid|7	7	2116	2116	61	1447	5
6381df7a-a137-4ea5-abc5-7e904a57245f	cid|870	870	676	0	41	1559	1
74e3e7f6-1202-48f3-8a89-5743db2a00cc	cid|1396	1396	1517	0	85	1439	1
5cefeeb1-6879-4950-af3f-96d9d0b535cf	cid|1913578	1913578	4346	0	106	1494	1
bd6fa116-e01c-41f8-91a7-b02d736959b1	cid|2045208	2045208	1460	0	84	1779	1
5c2c2c9d-20e9-4066-a3ac-30bf4eaa9b19	cid|359408	359408	1024	1024	47	1641	2
5c2c2c9d-20e9-4066-a3ac-30bf4eaa9b19	cid|36861	36861	1024	1024	47	1641	2
132a3227-d11d-4648-9988-d146d19baffb	cid|1678128	1678128	2862	0	158	1536	1
53ec8661-33e0-49af-8aa3-b84563e08233	cid|994695	994695	4900	4900	85	1536	4
53ec8661-33e0-49af-8aa3-b84563e08233	cid|33056	33056	4900	4900	85	1536	4
53ec8661-33e0-49af-8aa3-b84563e08233	cid|994696	994696	4900	4900	85	1536	4
53ec8661-33e0-49af-8aa3-b84563e08233	cid|994692	994692	4900	4900	85	1536	4
d3d338de-13e6-4279-b35e-0032c4998829	cid|1810504	1810504	400	400	35	1550	4
d3d338de-13e6-4279-b35e-0032c4998829	cid|2018065	2018065	400	400	35	1550	4
d3d338de-13e6-4279-b35e-0032c4998829	cid|920	920	400	400	35	1550	4
d3d338de-13e6-4279-b35e-0032c4998829	cid|257708	257708	400	400	35	1550	4
b61d9e35-670a-43d0-a972-7b799e48aca4	cid|985	985	2401	2401	64	1568	3
b61d9e35-670a-43d0-a972-7b799e48aca4	cid|106	106	2401	2401	64	1568	3
b61d9e35-670a-43d0-a972-7b799e48aca4	cid|1006	1006	2401	2401	64	1568	3
faaafd10-8aa7-43d9-9318-a9376d6884a3	cid|470934	470934	324	0	33	1394	1
674e60a7-1c47-4537-bd1e-ec5fb48b4cc9	cid|1678129	1678129	1969	0	143	1541	1
b85a3004-b144-47bf-89c6-eda2311e8dcf	species	1834205	169	169	28	1654	5
b85a3004-b144-47bf-89c6-eda2311e8dcf	species	90245	169	169	28	1654	5
b85a3004-b144-47bf-89c6-eda2311e8dcf	species	948	169	169	28	1654	5
b85a3004-b144-47bf-89c6-eda2311e8dcf	genus	943	169	169	28	1654	5
b85a3004-b144-47bf-89c6-eda2311e8dcf	species	769	169	169	28	1654	5
61f23380-ce18-4471-89f5-67b6cce2c87a	cid|1842537	1842537	650	0	66	1426	1
79f6abbd-68d3-4f67-a5be-84489259b2b9	cid|985	985	3025	0	70	1560	1
9778e618-f0dd-4faa-a8be-8825efbd2cfb	cid|995	995	289	0	32	1561	1
afc53437-b8b4-422e-9374-7baa6d75e06b	unclassified	0	0	0	0	1377	1
2f523439-4c2a-4b1b-b735-c77a8a965fd7	cid|1678128	1678128	169	81	28	1512	1
aba04b64-92c2-426e-aa38-664daeb208ff	cid|536441	536441	1849	0	58	1432	1
f8840b6f-54e3-4611-9d6d-e5cad5b5affa	cid|1763534	1763534	845	845	69	1124	2
f8840b6f-54e3-4611-9d6d-e5cad5b5affa	cid|1306519	1306519	845	845	69	1124	2
a53a8422-0686-4064-9cdd-e6201e1d087a	cid|1763535	1763535	937	0	73	1548	1
af103df1-7ce1-4c29-9cae-196214bc1561	cid|1396	1396	576	289	39	1517	1
4afb43eb-6cd3-4821-9b20-2b665481e08f	cid|194424	194424	1296	1296	51	1368	4
4afb43eb-6cd3-4821-9b20-2b665481e08f	cid|66821	66821	1296	1296	51	1368	4
4afb43eb-6cd3-4821-9b20-2b665481e08f	cid|269261	269261	1296	1296	51	1368	4
4afb43eb-6cd3-4821-9b20-2b665481e08f	cid|1257021	1257021	1296	1296	51	1368	4
93179ea7-fdef-453c-b1a9-c7c8f2f67c6c	cid|34062	34062	64	64	23	1452	5
93179ea7-fdef-453c-b1a9-c7c8f2f67c6c	cid|1699624	1699624	64	64	23	1452	5
93179ea7-fdef-453c-b1a9-c7c8f2f67c6c	cid|465721	465721	64	64	23	1452	5
93179ea7-fdef-453c-b1a9-c7c8f2f67c6c	cid|303	303	64	64	23	1452	5
93179ea7-fdef-453c-b1a9-c7c8f2f67c6c	cid|1699622	1699622	64	64	23	1452	5
28d75b6b-aa5b-4edc-b55c-2259edb1ad67	cid|118323	118323	324	324	33	1553	5
28d75b6b-aa5b-4edc-b55c-2259edb1ad67	cid|195253	195253	324	324	33	1553	5
28d75b6b-aa5b-4edc-b55c-2259edb1ad67	cid|1173025	1173025	324	324	33	1553	5
28d75b6b-aa5b-4edc-b55c-2259edb1ad67	cid|1173263	1173263	324	324	33	1553	5
28d75b6b-aa5b-4edc-b55c-2259edb1ad67	cid|482564	482564	324	324	33	1553	5
bfca01c5-d812-4f04-8737-1a7d5ccd137d	cid|615	615	1156	900	49	1597	1
8422cb40-ed26-483b-b087-3b681715b6f4	cid|96345	96345	3574	0	127	1455	1
40499ac0-8a4c-435b-838a-b27bfe8fff5b	cid|232259	232259	5929	441	92	1419	1
36fa549c-7ab6-4900-a22b-442ca0889f87	cid|944547	944547	5162	4057	130	1683	1
fb019601-7bf0-4330-bff8-209fd5861563	cid|1931241	1931241	3600	0	75	1523	1
9f2e3a9c-fe07-4170-b719-c0b392efe190	cid|562	562	2254	1681	125	1560	1
cb095deb-9f2b-4956-acb3-797396d7d6ba	cid|69	69	2020	0	92	1602	1
9a82e2bc-0874-4ce4-a1d6-dbec5b6ac3a9	cid|215689	215689	225	64	30	1542	1
a1da0862-180c-4982-8267-7e1db1b71af5	cid|1678128	1678128	2577	0	182	1499	1
6e657318-8046-4f65-bcf4-3e4684ededd3	unclassified	0	0	0	0	1099	1
127754be-f2e9-4e8e-88d2-e9ace33f32cc	cid|1168034	1168034	1369	0	52	1465	1
47721fe2-cb16-4704-974a-4524d33976cd	cid|944547	944547	3538	0	104	1509	1
6fd44004-ef4a-4991-b6ba-37c909abd6eb	cid|192843	192843	1089	0	48	1486	1
c1749181-9c3c-44a7-98c8-86b11b70c032	cid|467094	467094	441	441	36	1529	2
c1749181-9c3c-44a7-98c8-86b11b70c032	cid|84163	84163	441	441	36	1529	2
da5ce55f-59d2-438a-962e-fb23bf44988d	cid|1570330	1570330	361	361	34	1486	3
da5ce55f-59d2-438a-962e-fb23bf44988d	cid|492670	492670	361	361	34	1486	3
da5ce55f-59d2-438a-962e-fb23bf44988d	cid|563169	563169	361	361	34	1486	3
a11d3a31-b99c-4927-9ddd-67acceecec62	cid|964	964	961	961	46	1164	5
a11d3a31-b99c-4927-9ddd-67acceecec62	cid|190721	190721	961	961	46	1164	5
a11d3a31-b99c-4927-9ddd-67acceecec62	cid|92645	92645	961	961	46	1164	5
a11d3a31-b99c-4927-9ddd-67acceecec62	cid|204773	204773	961	961	46	1164	5
a11d3a31-b99c-4927-9ddd-67acceecec62	cid|80842	80842	961	961	46	1164	5
e5f0eb95-9e83-4b82-8df8-f2bc08baf01e	cid|1335048	1335048	1225	0	50	1465	1
5dd63e86-2d6a-4756-b0e8-82fd3f9625cf	cid|192843	192843	4761	0	84	3019	1
50b3e671-8829-4762-b79b-78cce0ae264c	unclassified	0	0	0	0	1402	1
a3f84736-155a-4bcf-9f2f-4b5ab80040ab	unclassified	0	0	0	0	1692	1
15c6a9c5-6c5a-473b-9dcd-4d70fe1e68cf	cid|93973	93973	1600	0	55	1503	1
6a975d31-2863-4f85-adad-92b0af69ad54	unclassified	0	0	0	0	1364	1
cbee1a99-a031-447a-8730-ae59716349da	cid|160808	160808	289	289	32	1649	4
cbee1a99-a031-447a-8730-ae59716349da	cid|920	920	289	289	32	1649	4
cbee1a99-a031-447a-8730-ae59716349da	cid|414	414	289	289	32	1649	4
cbee1a99-a031-447a-8730-ae59716349da	cid|80679	80679	289	289	32	1649	4
933fa6bd-86cc-468c-894f-127937f3768a	cid|562	562	100	0	25	1526	1
c0f16215-b05c-46fe-a557-cea5d7f6eacf	cid|1712675	1712675	3136	0	71	1481	1
95651883-b898-4a55-8f26-6e17cdbf0e3e	cid|2109914	2109914	3249	576	72	1562	1
445dfec3-09ce-418c-81e8-15583751e6f8	cid|94254	94254	64	0	23	1644	1
cec02fea-966b-4bd5-9666-770d26c50d65	cid|1006	1006	1521	1521	54	1707	3
cec02fea-966b-4bd5-9666-770d26c50d65	cid|400092	400092	1521	1521	54	1707	3
cec02fea-966b-4bd5-9666-770d26c50d65	cid|388950	388950	1521	1521	54	1707	3
0b506b67-126c-4156-9cfb-774cf758692f	cid|655015	655015	3217	3217	95	1494	2
0b506b67-126c-4156-9cfb-774cf758692f	cid|187303	187303	3217	3217	95	1494	2
857f05d4-c3e3-4f22-9d6a-036fe63bb1e2	cid|192843	192843	1490	1369	78	1322	1
a0760de7-467d-43c4-b4b3-1988c67f50d3	cid|670	670	400	81	35	1586	1
dfc6216c-5d17-470c-b6af-b2b9e4711055	cid|672	672	2704	484	67	1637	1
ba13cd7f-2598-473b-ab46-28dd15fee521	cid|467094	467094	256	256	31	1579	3
ba13cd7f-2598-473b-ab46-28dd15fee521	cid|84163	84163	256	256	31	1579	3
ba13cd7f-2598-473b-ab46-28dd15fee521	cid|184064	184064	256	256	31	1579	3
8d1836eb-1e6e-4811-bad8-3e66d28d25c7	cid|1850254	1850254	1445	0	83	2526	1
ee0e5c46-8324-45c2-8c1c-d103ba6de5eb	cid|1379910	1379910	1360	0	74	1439	1
db479c08-cfd6-412f-bb1a-5160963856b0	cid|13690	13690	256	256	31	1516	2
db479c08-cfd6-412f-bb1a-5160963856b0	cid|1842535	1842535	256	256	31	1516	2
20e4ff1a-68f1-4c73-b2f1-ac79abccabc2	cid|368607	368607	81	81	24	5019	2
20e4ff1a-68f1-4c73-b2f1-ac79abccabc2	cid|666685	666685	81	81	24	5019	2
e98bc38d-0777-44b6-ad50-c75af084722c	cid|1678028	1678028	2209	0	62	1598	1
75abab6d-1fce-47cc-9100-a2e6a5fa8a00	cid|152682	152682	673	673	65	1463	2
75abab6d-1fce-47cc-9100-a2e6a5fa8a00	cid|1961362	1961362	673	673	65	1463	2
f5a60a12-0dc4-4c44-ac96-08dcf219b7ed	cid|1842533	1842533	676	576	41	1858	1
2d998bba-678d-4ced-947d-cd4634519a74	cid|2109915	2109915	3481	0	74	1581	1
dae2e529-d409-4379-95a2-332f9add0096	cid|1529068	1529068	4287	0	239	1440	1
ad16496a-ba83-41c4-9783-de63d1367767	cid|1678128	1678128	256	0	31	1624	1
32c72126-f1ca-488a-a57d-6da15e1ba069	cid|1662457	1662457	1444	1444	53	1414	4
32c72126-f1ca-488a-a57d-6da15e1ba069	cid|1662458	1662458	1444	1444	53	1414	4
32c72126-f1ca-488a-a57d-6da15e1ba069	cid|553814	553814	1444	1444	53	1414	4
32c72126-f1ca-488a-a57d-6da15e1ba069	cid|1842533	1842533	1444	1444	53	1414	4
567e53df-4b63-481c-9408-34e8e831e97a	cid|453816	453816	784	64	43	1410	1
b6e26382-4ce2-4dab-bf9a-41deebb7bb0a	cid|944547	944547	900	900	45	1464	2
b6e26382-4ce2-4dab-bf9a-41deebb7bb0a	cid|28199	28199	900	900	45	1464	2
04472fa4-304c-465a-a31a-ed656b0e6e97	cid|2116657	2116657	3481	0	74	1554	1
80e12959-0485-4850-aad2-2f94eb67160e	cid|873	873	1225	1225	50	1862	3
80e12959-0485-4850-aad2-2f94eb67160e	cid|185008	185008	1225	1225	50	1862	3
80e12959-0485-4850-aad2-2f94eb67160e	cid|43305	43305	1225	1225	50	1862	3
c658d869-ed20-432e-93bc-d01f1893e8fe	cid|67780	67780	2452	2209	100	1548	1
f4b1a3fd-23fc-4ad3-8847-3e8b84456080	unclassified	0	0	0	0	1076	1
41fda0d8-4888-4423-a742-2e33e3e57cac	cid|72	72	2601	0	66	3056	1
c0527669-7e84-49ca-93a5-cb6c52cc331d	cid|74426	74426	841	0	44	1396	1
1cc0213d-4d78-4d06-8e66-62bb00171591	unclassified	0	0	0	0	1596	1
677bdd4d-0be2-4d52-a863-69fe96b8a323	cid|562	562	1899	484	120	1499	1
4a0299b1-7027-440b-b098-e5f415eae590	cid|948519	948519	1156	0	49	1682	1
ae7af098-f79e-4ca7-a80e-a51b18da260c	cid|556287	556287	2809	2809	68	1470	4
ae7af098-f79e-4ca7-a80e-a51b18da260c	cid|34020	34020	2809	2809	68	1470	4
ae7af098-f79e-4ca7-a80e-a51b18da260c	cid|1509244	1509244	2809	2809	68	1470	4
ae7af098-f79e-4ca7-a80e-a51b18da260c	cid|54913	54913	2809	2809	68	1470	4
11130593-3dda-4748-923d-65330ab76cc4	cid|303	303	961	0	46	1597	1
a3d4ad71-a7ea-4051-8011-8e88e1803432	cid|471827	471827	676	676	41	1448	2
a3d4ad71-a7ea-4051-8011-8e88e1803432	cid|33952	33952	676	676	41	1448	2
13c59b80-a642-4f3f-9d9b-22f1b5d8d5bb	cid|1678129	1678129	250	81	52	1436	1
6a204524-6ca1-4654-a4fe-173fe9cc736a	cid|926	926	1296	289	51	1480	1
f62548a1-6f5f-4b6b-909c-802aa4318677	cid|143393	143393	4468	0	178	1449	1
ee74215c-14e2-43b3-8890-c20264934b55	cid|1173263	1173263	400	225	35	1415	1
62d0b5ea-2d0c-4448-9807-225047ebf01b	cid|63	63	1369	0	52	1389	1
d31580ce-5044-4cf8-8022-f605f47e4789	cid|1427356	1427356	361	361	34	1066	4
d31580ce-5044-4cf8-8022-f605f47e4789	cid|1608628	1608628	361	361	34	1066	4
d31580ce-5044-4cf8-8022-f605f47e4789	cid|717785	717785	361	361	34	1066	4
d31580ce-5044-4cf8-8022-f605f47e4789	cid|53399	53399	361	361	34	1066	4
5a0fcb5c-11bb-4521-b6e9-33335141b519	cid|192	192	81	81	24	1163	3
5a0fcb5c-11bb-4521-b6e9-33335141b519	cid|193	193	81	81	24	1163	3
5a0fcb5c-11bb-4521-b6e9-33335141b519	cid|1707785	1707785	81	81	24	1163	3
7f8d8395-3844-46fe-98b2-6851540ac64e	cid|2126319	2126319	13689	13689	132	1499	2
7f8d8395-3844-46fe-98b2-6851540ac64e	cid|436515	436515	13689	13689	132	1499	2
4d03337c-b021-43c0-b10a-7eef1b8608ed	cid|1838286	1838286	1060	865	76	1474	1
15d13f4c-cd32-477a-bea1-8d5e7786471d	cid|649756	649756	225	225	30	1264	2
15d13f4c-cd32-477a-bea1-8d5e7786471d	cid|759620	759620	225	225	30	1264	2
90424e3b-a6b9-4f94-b5f6-422b8f4bf96f	cid|1076	1076	81	0	24	1583	1
f4c46e1b-c868-4f80-9095-1fcfaad6ebc7	cid|29423	29423	441	0	36	1282	1
f92cfab4-d292-42e7-8014-ad5981f91da3	cid|1085624	1085624	484	0	37	2033	1
43d1fc8c-7566-4f38-9444-aa62fce4f5dc	cid|1624	1624	2178	1606	96	1645	1
4874228e-bad9-42c2-852a-b2432b993d3f	cid|94132	94132	529	0	38	1131	1
ec50debd-2764-4b97-8da5-368f72c4fd80	cid|1549855	1549855	2025	625	60	1569	1
036422bb-627e-4461-8a78-c3daf7ab27d9	cid|191579	191579	100	64	25	1553	1
bdeda92e-5ac5-497c-82a0-266efc312d81	cid|643674	643674	1156	0	49	2043	1
48f70e0d-3a0e-474f-8bc7-d45a73b63cc9	cid|1795630	1795630	361	361	34	1056	2
48f70e0d-3a0e-474f-8bc7-d45a73b63cc9	cid|529884	529884	361	361	34	1056	2
5de4018e-fa2d-4004-83d7-036a39e80811	cid|330214	330214	225	0	30	1081	1
2297a278-8540-46be-8618-b47e0007aefb	unclassified	0	0	0	0	1504	1
87aba8a0-3722-4683-b003-3ef5c60572e9	cid|669502	669502	289	196	32	1490	1
114e1071-4585-460d-926a-e693bec44002	cid|562	562	81	64	24	1521	1
46521922-0884-4a27-873f-3616853eb69f	cid|2072590	2072590	1600	841	55	1496	1
d3034c03-cec2-48b9-8f26-03635f4ec084	cid|1678129	1678129	5869	0	193	2220	1
32135a72-ba82-41b5-95ae-dac05023a52f	cid|45663	45663	225	0	30	1482	1
6806f106-899f-4ce5-9d1c-e831cda19804	cid|1423	1423	576	0	39	2018	1
3ea2aaf8-e1ee-4c3e-ad57-50c58e444ebf	cid|1178516	1178516	1156	225	49	1555	1
b298b98c-eb32-49f0-8c92-305dd74391d7	cid|1678129	1678129	832	324	70	1538	1
10c78a16-bbad-458b-b107-52f6e8b63b25	cid|148813	148813	2168	729	121	1682	1
bb6abd13-20d9-4028-a9d7-929120401e09	cid|948519	948519	784	0	43	1580	1
7c3d2ce5-de63-4cfb-b3ee-a10455db46ce	cid|2058135	2058135	4136	2209	153	1457	1
cbd79ef2-8c25-4fdb-8375-63a49c09124e	cid|453816	453816	361	361	34	1413	2
cbd79ef2-8c25-4fdb-8375-63a49c09124e	cid|959	959	361	361	34	1413	2
cd834513-4d98-47f9-99e9-83234d8fb252	unclassified	0	0	0	0	1488	1
24b062b5-b54e-43c2-a5c0-edf062054fea	cid|2049935	2049935	529	529	38	1557	2
24b062b5-b54e-43c2-a5c0-edf062054fea	cid|96942	96942	529	529	38	1557	2
9c517ade-2062-450f-a495-4168b32dd704	cid|45663	45663	289	289	32	2731	3
9c517ade-2062-450f-a495-4168b32dd704	cid|881	881	289	289	32	2731	3
9c517ade-2062-450f-a495-4168b32dd704	cid|29546	29546	289	289	32	2731	3
37256873-a7f4-4891-b4fd-846edbf944b1	cid|404011	404011	2116	1681	61	1027	1
b94f4ebd-affc-4f9a-83f0-8a939d51f041	cid|256618	256618	1024	1024	47	1456	3
b94f4ebd-affc-4f9a-83f0-8a939d51f041	cid|93466	93466	1024	1024	47	1456	3
b94f4ebd-affc-4f9a-83f0-8a939d51f041	cid|2423	2423	1024	1024	47	1456	3
4b7bd9ee-f492-4e2b-8dbf-5ba493769010	cid|316068	316068	289	0	32	3169	1
0868f0e6-10c2-41aa-9bed-43d9580a7e79	cid|640510	640510	961	841	46	1029	1
9cb35942-7902-4441-820c-2d01c567e497	cid|296591	296591	2704	0	67	1499	1
74b185d0-f842-4d57-906f-fd8a4fc521f5	cid|46355	46355	1681	1681	56	1375	2
74b185d0-f842-4d57-906f-fd8a4fc521f5	cid|167	167	1681	1681	56	1375	2
99121d86-7b6d-4998-ad0b-c1b9f5060e94	cid|1307761	1307761	361	361	34	1174	3
99121d86-7b6d-4998-ad0b-c1b9f5060e94	cid|158	158	361	361	34	1174	3
99121d86-7b6d-4998-ad0b-c1b9f5060e94	cid|55206	55206	361	361	34	1174	3
b8863778-0be1-457a-a6bc-89c27215f82f	cid|179636	179636	961	961	46	1631	2
b8863778-0be1-457a-a6bc-89c27215f82f	cid|1795631	1795631	961	961	46	1631	2
91a50535-4a07-4dba-a097-54c28f63104b	unclassified	0	0	0	0	1547	1
9e960ad0-1f15-4ed6-906d-6589207f59d1	cid|492670	492670	625	625	40	1597	2
9e960ad0-1f15-4ed6-906d-6589207f59d1	cid|644	644	625	625	40	1597	2
7b2169b8-8849-495d-851d-1c7dd18578e6	cid|96942	96942	1849	0	58	1558	1
9ed7b7f3-f6fd-4e49-b166-73e019a1ad27	cid|79329	79329	484	0	37	1418	1
4122b8bf-3199-456d-9f5c-cec6cf74005a	cid|944547	944547	4611	0	185	1645	1
01696d5c-6d67-4175-a655-840f2ba48649	cid|84378	84378	625	484	40	1466	1
d7907960-3c80-4c0c-bbf0-37abbea38640	cid|562	562	1024	625	47	1451	1
a91a9355-f412-459c-a06c-46821ef98ac6	unclassified	0	0	0	0	1382	1
bcc9d411-bda6-4c1c-9ef3-8480abd9e749	unclassified	0	0	0	0	1631	1
e4c0a608-a59c-4666-bfa5-e5baebbeb38e	cid|948519	948519	2401	0	64	1485	1
fadbf8aa-33cd-4746-b793-6367bde39081	cid|1678128	1678128	5354	1225	163	1010	1
1ab842a3-4b11-460c-acfd-966cdc633dc3	unclassified	0	0	0	0	1804	1
ba4f0800-ef65-462e-b62e-b61ecef3da82	cid|985	985	1745	0	89	1270	1
87328449-ffff-4732-b501-cebabffe9d42	unclassified	0	0	0	0	1187	1
5e585e83-494c-4146-accc-e2a711a3e756	cid|1458426	1458426	761	0	69	1470	1
58a59a4a-27c6-41c3-9ca1-0e2cf40d1ccd	cid|1678128	1678128	400	81	35	1440	1
dae45a65-e4aa-4851-8246-b5024efab337	cid|484770	484770	1300	1156	76	1406	1
8bdb997a-c7c8-44ca-b336-d8f94fe1a24c	cid|2350	2350	5035	0	220	1519	1
bfd32265-51d4-4930-82b5-9e004050080c	cid|944547	944547	4023	0	206	2987	1
50096e43-a49a-4367-b4fb-f67546660f38	cid|1428	1428	441	441	36	1650	3
50096e43-a49a-4367-b4fb-f67546660f38	cid|1423	1423	441	441	36	1650	3
50096e43-a49a-4367-b4fb-f67546660f38	cid|1402	1402	441	441	36	1650	3
bd323b7e-a931-490c-84ab-0b4f237d7f19	unclassified	0	0	0	0	1118	1
b3ea8acd-b971-4774-bf06-91aa1430bb8b	cid|28901	28901	64	64	23	1657	2
b3ea8acd-b971-4774-bf06-91aa1430bb8b	cid|573	573	64	64	23	1657	2
2f81b0b2-82fc-436c-9bee-c04339cb704d	no rank	0	1089	1089	48	1448	4
2f81b0b2-82fc-436c-9bee-c04339cb704d	class	186801	1089	1089	48	1448	4
2f81b0b2-82fc-436c-9bee-c04339cb704d	no rank	0	1089	1089	48	1448	4
2f81b0b2-82fc-436c-9bee-c04339cb704d	phylum	201174	1089	1089	48	1448	4
d5362100-9067-4dae-baa3-536c503198e8	cid|81479	81479	1369	0	52	1563	1
443568c2-9886-4cff-90c7-1eed64c353e7	cid|56957	56957	576	0	39	1452	1
c8d9101b-0e40-4d1e-a68c-1e12fb2994d2	cid|1849491	1849491	484	121	37	1497	1
0aa214b8-6e45-4e53-9218-6a5e5c6350ed	cid|794903	794903	625	225	40	1481	1
254ab25d-2d03-47c8-b336-74eb73b18365	cid|944547	944547	6885	5488	364	1493	1
385b3930-2e21-456d-a017-396c3cc36ddc	cid|330214	330214	3007	0	184	1007	1
5bc1a641-3cbc-43df-99b2-f9f42263a05e	cid|76731	76731	441	441	36	2271	2
5bc1a641-3cbc-43df-99b2-f9f42263a05e	cid|34029	34029	441	441	36	2271	2
c96b4c42-c347-4643-8191-4ea285eddc1c	cid|1458426	1458426	562	562	62	1494	2
c96b4c42-c347-4643-8191-4ea285eddc1c	cid|1678128	1678128	562	562	62	1494	2
2bebbe30-5516-4923-9782-16bf8590a5d5	cid|28197	28197	16811	0	464	1466	1
59f92535-78a6-4571-84ce-fe0748ec1ab0	cid|1851544	1851544	1764	1296	57	1494	1
09441572-ff64-4076-81e2-4f944ccb2e4a	cid|1639	1639	1640	0	82	1499	1
8142b83d-fea0-411f-a316-94083bdc9114	cid|81479	81479	3797	0	117	1460	1
96d229ad-f7d3-44c3-a1ef-473ea5b6276c	unclassified	0	0	0	0	1166	1
400db2e7-3bd1-45fb-ad3e-4dd5d82f7cfc	unclassified	0	0	0	0	1623	1
a5e36289-91e9-42be-9231-ec65adafc3ee	cid|1280	1280	529	100	38	1590	1
19df021c-0c9d-479a-981b-9fd98f86e88e	cid|81479	81479	2723	0	132	1583	1
65409532-35ab-4235-82ea-798db42170d8	cid|669	669	576	441	39	1486	1
ca65e8a9-affa-42b2-827c-963be4336b3c	cid|405	405	81	0	24	1477	1
3838d973-4f73-4468-b2f6-0df44a0b20bb	unclassified	0	0	0	0	1428	1
5b855ae4-027b-430f-b637-cadac98ca5ef	cid|52	52	1600	1600	55	1471	2
5b855ae4-027b-430f-b637-cadac98ca5ef	cid|56	56	1600	1600	55	1471	2
3ea07c37-56b6-4f73-b75b-5b6764eb7921	cid|1911	1911	225	225	30	2921	5
3ea07c37-56b6-4f73-b75b-5b6764eb7921	cid|164348	164348	225	225	30	2921	5
3ea07c37-56b6-4f73-b75b-5b6764eb7921	cid|1642299	1642299	225	225	30	2921	5
3ea07c37-56b6-4f73-b75b-5b6764eb7921	cid|1969	1969	225	225	30	2921	5
3ea07c37-56b6-4f73-b75b-5b6764eb7921	cid|1649184	1649184	225	225	30	2921	5
aefeeb51-bfca-4cb3-9b05-99e6d267d478	cid|471827	471827	1681	0	56	1438	1
190b4eff-af0c-4359-9f32-4d68ea5e13e8	cid|1061	1061	1156	0	49	1422	1
365aecc2-df91-4286-aa87-583401a4d432	cid|492670	492670	81	81	24	1725	2
365aecc2-df91-4286-aa87-583401a4d432	cid|1390	1390	81	81	24	1725	2
c074a596-073a-4086-8e0a-5177bedc55f7	cid|1030157	1030157	5800	0	130	1544	1
37a0c3eb-b2c4-4874-b796-271d1b4a3627	cid|76731	76731	225	225	30	1485	2
37a0c3eb-b2c4-4874-b796-271d1b4a3627	cid|358220	358220	225	225	30	1485	2
4f65d507-ec6f-492d-b946-f47909d133f8	unclassified	0	0	0	0	1582	1
3a450bab-84f9-49ea-adc4-14454b5d5f34	cid|1082851	1082851	576	576	39	1450	2
3a450bab-84f9-49ea-adc4-14454b5d5f34	cid|1678129	1678129	576	576	39	1450	2
286bfa5e-e562-4629-a4c5-aab8bbc5a53f	cid|1678129	1678129	1949	196	83	1187	1
1a04a890-6e0f-4a6b-b49a-d8e4dd641a25	cid|1985873	1985873	484	0	37	1642	1
edb8b1f0-d744-4930-b135-ef4c2adef835	cid|632	632	2809	361	68	1525	1
793f886c-0dd2-43df-8331-421055467a8a	cid|562	562	576	576	39	1556	2
793f886c-0dd2-43df-8331-421055467a8a	cid|97478	97478	576	576	39	1556	2
75234d33-1e8e-4f96-a464-74149b2353e1	cid|34003	34003	1681	0	56	1264	1
dfedf66b-258b-4a7f-a095-c1dacd8d6afe	cid|56	56	1296	441	51	1516	1
a5eb1bf6-d1a9-4713-a7d8-000b4be6f119	cid|158327	158327	1156	64	49	1563	1
8a264324-b104-42db-88d7-566572917a08	cid|1809410	1809410	729	289	42	1309	1
be533b94-0367-4335-8d7f-8dd6a16daf4f	cid|1838286	1838286	529	529	38	1200	3
be533b94-0367-4335-8d7f-8dd6a16daf4f	cid|2026799	2026799	529	529	38	1200	3
be533b94-0367-4335-8d7f-8dd6a16daf4f	cid|107709	107709	529	529	38	1200	3
1fd15da9-eb70-4c76-bce3-8b75728deb75	cid|1094	1094	2401	2401	64	1560	2
1fd15da9-eb70-4c76-bce3-8b75728deb75	cid|1100	1100	2401	2401	64	1560	2
a7b4a5a6-643c-4bbc-8098-39666b3999bf	cid|2003121	2003121	576	576	39	1470	2
a7b4a5a6-643c-4bbc-8098-39666b3999bf	cid|1933220	1933220	576	576	39	1470	2
a4065647-83ed-4e8f-a193-07b207268c77	cid|2029983	2029983	1225	1225	50	1463	3
a4065647-83ed-4e8f-a193-07b207268c77	cid|1850526	1850526	1225	1225	50	1463	3
a4065647-83ed-4e8f-a193-07b207268c77	cid|79329	79329	1225	1225	50	1463	3
c489cc79-796b-483e-8371-ae30a4ddf22e	cid|1678129	1678129	1165	841	77	1488	1
714a5677-d009-496a-bafc-8d961a0b5ed7	family	90627	64	64	23	1447	4
714a5677-d009-496a-bafc-8d961a0b5ed7	family	75787	64	64	23	1447	4
714a5677-d009-496a-bafc-8d961a0b5ed7	order	80840	64	64	23	1447	4
714a5677-d009-496a-bafc-8d961a0b5ed7	family	2008794	64	64	23	1447	4
87695cd5-2036-4034-977c-96f1426720e2	cid|1639	1639	2860	0	216	2841	1
eeafde87-9f58-4571-b8cc-2ed5bbaf0940	cid|67780	67780	4436	0	135	1455	1
5a450983-982f-4041-853e-4176ae0e8512	cid|1173026	1173026	484	0	37	1517	1
869b65f4-2277-42cc-b000-55eeb38e125a	cid|1842537	1842537	2401	625	64	1432	1
19cb7486-4256-4905-b081-c6779d62310d	cid|562	562	3721	0	76	1386	1
b9a5cca1-3a20-40cf-aa7c-a28fab24b1ab	cid|7	7	625	625	40	1500	2
b9a5cca1-3a20-40cf-aa7c-a28fab24b1ab	cid|767892	767892	625	625	40	1500	2
a9ed2903-4709-41ed-922c-30aeee0f09e1	cid|666	666	1600	1600	55	1480	3
a9ed2903-4709-41ed-922c-30aeee0f09e1	cid|622	622	1600	1600	55	1480	3
a9ed2903-4709-41ed-922c-30aeee0f09e1	cid|190893	190893	1600	1600	55	1480	3
35335418-21b2-464d-94f4-dd2eb37855d8	cid|296591	296591	1849	0	58	1530	1
e3bcc71e-e93f-4090-8613-f613c7d6dda8	cid|1379909	1379909	2209	0	62	1538	1
b5312d34-6ad7-43ba-a926-73bacdc30c07	cid|305	305	324	0	33	4911	1
ce1c6740-083e-4ff4-ba97-b099b06e9c80	cid|413882	413882	484	225	37	5154	1
0e72548e-c0ac-4f5a-8777-ca111b2b6f47	cid|2057025	2057025	169	169	28	1258	2
0e72548e-c0ac-4f5a-8777-ca111b2b6f47	cid|564064	564064	169	169	28	1258	2
09bfbe79-8587-472c-89e9-3fd29e445646	cid|1678128	1678128	3978	0	180	1482	1
c3858214-f8d1-4f2a-a59d-7f68433f6af0	unclassified	0	0	0	0	1792	1
84f3011c-979b-45a2-b693-a641f74355b5	cid|1613	1613	256	64	31	2102	1
a5054c0b-cf91-4673-99ba-b83223508fe4	unclassified	0	0	0	0	1135	1
62156fce-7dfe-4534-84a9-a37eff12b547	cid|550	550	169	0	28	1509	1
1ab0f345-7e37-4303-9d11-a4403429799a	cid|35755	35755	484	0	37	1514	1
feb35136-bb5f-4ac0-a004-3023d288f71b	cid|1173263	1173263	576	169	39	1393	1
92fc8850-9eb8-409c-b794-dda9c8b1cdca	unclassified	0	0	0	0	1365	1
83fef13e-0fee-415c-9afd-606d0f95984c	cid|67780	67780	784	0	43	1406	1
b61cd165-b654-481c-bfc3-94ed534d7784	cid|1848754	1848754	256	0	31	1565	1
6903a60c-059d-4c97-86c3-c6d75d3453c7	cid|944547	944547	5229	0	299	1495	1
4d8888ff-1a6b-43a8-8720-ae1cb12f39fd	cid|1421	1421	100	64	25	1293	1
2c2622a0-4d24-4a9a-a0b9-dab0c2a39228	cid|696485	696485	2916	0	69	1517	1
75898280-9397-448d-a026-6350bf558d24	cid|1286	1286	2304	0	63	1552	1
d6d39417-2fbd-46f8-a69f-9274e29a2757	cid|1842727	1842727	5101	0	131	1506	1
0eeb2b07-e646-4242-a064-7f2be6a7d401	unclassified	0	0	0	0	1751	1
e588f048-394e-4428-a974-a157514fe8be	cid|316068	316068	225	0	30	1462	1
96f817b2-0389-40d0-b224-ac7827abf3b8	cid|1379159	1379159	289	289	32	1049	4
96f817b2-0389-40d0-b224-ac7827abf3b8	cid|445710	445710	289	289	32	1049	4
96f817b2-0389-40d0-b224-ac7827abf3b8	cid|81475	81475	289	289	32	1049	4
96f817b2-0389-40d0-b224-ac7827abf3b8	cid|666685	666685	289	289	32	1049	4
4442e028-e00a-45f5-ae69-1b8fda376189	unclassified	0	0	0	0	1903	1
80ba4d00-ca31-4000-91c3-66bc9c06a809	cid|198107	198107	3969	0	78	1552	1
a9e4404e-d452-4eb5-a9b7-6c9e3bb51584	cid|1257021	1257021	625	484	40	1346	1
55521330-7ea8-4d6d-9fa0-33cefb44e19c	cid|482564	482564	441	361	36	1375	1
7f3240f1-aed5-47a6-8822-387470dd77c1	unclassified	0	0	0	0	1021	1
6d101418-f76e-41a2-bff8-08725c8da07b	unclassified	0	0	0	0	1632	1
e1b6e264-a7a4-480e-b53d-b919f704003b	cid|67825	67825	1024	0	47	2980	1
27ce64d6-628a-4993-a703-b30522b760a4	cid|2058136	2058136	1513	0	79	1357	1
ac843b71-e9e3-48e2-9192-e140b617d36e	cid|1850254	1850254	1683	0	110	3032	1
1d0e0680-3339-497d-8a09-30af6a05110f	cid|28173	28173	3481	0	74	1671	1
4c329bf4-91c1-40e9-83e6-f05893c87d5b	cid|225992	225992	529	289	38	1471	1
73097f9e-2b16-4997-8207-4504e3f976d4	cid|152682	152682	5815	5815	207	1424	2
73097f9e-2b16-4997-8207-4504e3f976d4	cid|1961362	1961362	5815	5815	207	1424	2
03b7d975-038c-44c6-bee0-5b4d84b74342	cid|28077	28077	484	81	37	1577	1
0f4451e1-e334-45bc-b6af-f9be83b3664c	cid|28901	28901	442	0	58	1539	1
f64af142-d943-4817-a200-8227b3ea27b9	cid|284016	284016	2916	0	69	1457	1
eecef486-3a80-4c15-bcc5-6a4a2da16289	cid|1436290	1436290	225	225	30	3014	3
eecef486-3a80-4c15-bcc5-6a4a2da16289	cid|206403	206403	225	225	30	3014	3
eecef486-3a80-4c15-bcc5-6a4a2da16289	cid|387093	387093	225	225	30	3014	3
d1387133-c1d4-4f64-847a-f86a0548b333	cid|1173263	1173263	729	0	42	3055	1
ddf2247c-209d-4fa6-9df4-e09e91b04afc	cid|192843	192843	1625	0	87	1475	1
9c398b5b-fac6-4d3b-bcb0-9a635eb77b56	cid|1678128	1678128	225	144	30	1329	1
