readID	seqID	taxID	score	2ndBestScore	hitLength	queryLength	numMatches
8926de7d-0863-405f-b071-3d6d3d18014f	unclassified	0	0	0	0	1045	1
2f9d05e2-2a77-4209-8a97-0ff5c5329250	unclassified	0	0	0	0	1413	1
da7653e8-ba6d-4eb2-842f-d76b987037a4	unclassified	0	0	0	0	1065	1
96ec0ae7-e799-4aca-840a-0218e11d6e5b	unclassified	0	0	0	0	1406	1
b2786169-a935-4b26-a35f-19836c30169b	unclassified	0	0	0	0	1181	1
10cd6325-66c5-4f92-bcee-669ac238b20c	unclassified	0	0	0	0	1524	1
1f5ba407-d150-4c13-9dbc-9e24c50e7033	unclassified	0	0	0	0	1410	1
53503d53-df4e-4fe1-86ed-0ea8ad167af4	unclassified	0	0	0	0	1485	1
5d8ee03f-2a45-4e3f-b981-88d43efccc5e	unclassified	0	0	0	0	1893	1
f0e6a20d-1dbc-4b4a-9f64-239c6a3215f9	unclassified	0	0	0	0	1522	1
5620ac7a-ed85-42bb-8b8e-71db114bd1ca	unclassified	0	0	0	0	1402	1
f652f1fa-8cf5-4a40-aa9f-eefd1b8bf676	unclassified	0	0	0	0	1377	1
d8e2930a-ecdc-4d06-81de-04da8e39fce2	unclassified	0	0	0	0	1497	1
c42853d8-397d-48a9-9aee-6c81d2c1ee96	unclassified	0	0	0	0	1149	1
fb8dc783-1a90-4ce7-a83f-7e9c5ba05cbe	unclassified	0	0	0	0	1246	1
cea61419-c1da-48f7-93a8-3390d53808d5	unclassified	0	0	0	0	1584	1
5f46b093-6b81-43b2-83f4-6f1af06d4e1b	unclassified	0	0	0	0	1259	1
3d50833e-eb70-4071-bc15-732a12204773	unclassified	0	0	0	0	1142	1
e9a7c98d-1035-45d2-bc44-c6ee88489ebb	unclassified	0	0	0	0	1215	1
9eade83e-a06c-4796-a1ca-42dc0b0d5362	unclassified	0	0	0	0	1430	1
33ea5590-2f7d-4aa4-83f1-a060e624469e	unclassified	0	0	0	0	1296	1
242c902a-b085-4f85-891e-c62f401db8e4	unclassified	0	0	0	0	1582	1
d3946d0d-6e92-4374-a446-8909da191d21	unclassified	0	0	0	0	1434	1
19fa7843-2442-45ea-bf77-cd978d785e94	unclassified	0	0	0	0	1534	1
3be42bf7-b7ab-422b-994d-031674e30301	unclassified	0	0	0	0	2720	1
440ba429-366b-4bac-a740-dba7336c249d	unclassified	0	0	0	0	1447	1
261c5b41-d96d-4559-9566-651e86ad9bc1	unclassified	0	0	0	0	1602	1
bb14e01c-e1ac-4dd1-8ab5-94cfcebc1832	unclassified	0	0	0	0	2665	1
b63973fd-e01d-4f25-984e-6fe7c4d54b57	unclassified	0	0	0	0	1389	1
64cd1721-1e6a-43aa-9d28-5f4329dd236e	unclassified	0	0	0	0	1523	1
c47847f8-cd94-46ee-aa58-2e32c1692e06	unclassified	0	0	0	0	1737	1
8b24db06-6874-4326-948a-56099a5efde0	unclassified	0	0	0	0	1552	1
a44a07a4-c0e3-4de4-9049-8b3dd1ee7ae7	unclassified	0	0	0	0	3482	1
c3eace71-73f2-48e2-a8d2-6874788909a8	unclassified	0	0	0	0	2228	1
017e6db5-9a93-4454-a667-a03577c42a22	unclassified	0	0	0	0	1394	1
ec549c86-c548-4b7a-8a98-1a9caeb481a2	unclassified	0	0	0	0	1001	1
4bdb2373-8199-4e28-8f4b-33db13971b46	unclassified	0	0	0	0	1513	1
d4c8f9fc-9449-457a-bb95-aa9fa62e849b	unclassified	0	0	0	0	1447	1
81be14e9-eeee-441d-83d7-eefdd0646d43	unclassified	0	0	0	0	1299	1
7a547109-21ff-4af1-85e9-71582faf2fb1	unclassified	0	0	0	0	1196	1
bec8ba9f-35fd-483d-9be1-d60e03d38d92	unclassified	0	0	0	0	1516	1
32db7cc9-5ee4-4795-af7b-8bd39ad7fb58	unclassified	0	0	0	0	1482	1
482d63a4-2592-474c-8062-2a912e1a8c2a	unclassified	0	0	0	0	1538	1
21759a2e-e8da-47ee-b8a2-831c4178d4e3	HQ114038.1.1467	14244	81	0	24	2441	1
04bde86c-db6c-4330-b635-d4007d779094	unclassified	0	0	0	0	1428	1
a6a76848-75dc-45a0-8606-af27ea6a5a73	unclassified	0	0	0	0	1591	1
24109817-07a2-4de1-92c3-95c19f4638d4	FPID01000597.67.1481	3504	144	0	27	4498	1
9363bb7c-7429-48cb-a76d-fec86951adc3	unclassified	0	0	0	0	1435	1
9ec311ad-f25a-4075-83bf-b6d031cc282e	unclassified	0	0	0	0	1261	1
f83f65f5-654f-4bdc-b715-3f86813e263d	unclassified	0	0	0	0	1490	1
03b21c1b-4d70-4d47-a158-ead5416a75ee	unclassified	0	0	0	0	1035	1
42906dbe-3e4c-42f3-b581-9bffe72e7199	unclassified	0	0	0	0	1475	1
e3dd2c02-3e9c-4a55-80f8-36b2be537648	unclassified	0	0	0	0	1182	1
c5b8d366-39ef-4d25-b1e7-c98fd99e702a	unclassified	0	0	0	0	1464	1
62d06df9-e464-43e0-8af0-6275c744cb5a	FPLS01020051.15.1518	24793	64	64	23	1467	5
62d06df9-e464-43e0-8af0-6275c744cb5a	AJ318176.1.1487	25029	64	64	23	1467	5
62d06df9-e464-43e0-8af0-6275c744cb5a	HM008274.1.1487	25029	64	64	23	1467	5
62d06df9-e464-43e0-8af0-6275c744cb5a	AB694436.1.1401	24740	64	64	23	1467	5
62d06df9-e464-43e0-8af0-6275c744cb5a	JQ083404.1.1391	25029	64	64	23	1467	5
419a0857-9456-4882-8863-83213fb58187	unclassified	0	0	0	0	1375	1
5c125ec7-e878-448b-ac80-a85944fd833d	unclassified	0	0	0	0	1516	1
64e63ee6-b063-4977-8148-a814545d74e5	unclassified	0	0	0	0	1351	1
cdb0f772-9e32-42a3-a112-2fd3b99bcaa5	unclassified	0	0	0	0	1436	1
e0bb0a47-6c3e-4576-bb4e-cfb4743faad0	unclassified	0	0	0	0	1429	1
f648a18d-f371-42b9-a29a-99f72ca1fd75	unclassified	0	0	0	0	1429	1
da2c647f-c5fe-4fc0-bd2e-98d4472b79bd	unclassified	0	0	0	0	1495	1
b15783ea-45d1-4940-a107-4227596a02ba	unclassified	0	0	0	0	1705	1
9b9d5b49-cb10-4253-82fe-aa11d2cf0d73	JQ311837.1.1424	24426	121	0	26	1006	1
c75391c7-6690-4b2d-951b-3da6b3e28a67	unclassified	0	0	0	0	1112	1
f219b6e5-0132-4d7b-9732-133b2fe89caf	unclassified	0	0	0	0	1483	1
6d9c891e-110e-40a0-9765-8c5c91b810d3	unclassified	0	0	0	0	1645	1
10f90291-628a-431d-8cd7-17bee2ad2d68	unclassified	0	0	0	0	1479	1
b753bb85-9260-43bb-963b-916aa60cec46	unclassified	0	0	0	0	1464	1
4557567e-117e-41a1-8087-b4ac1ae07069	unclassified	0	0	0	0	1475	1
e5f80ed3-864e-4fe7-bef6-a9a09ee5ea9c	unclassified	0	0	0	0	1471	1
4e8673b2-cf56-44da-83ff-36a5275e9a9e	unclassified	0	0	0	0	1554	1
b1496d6d-32b3-4d79-ae37-cd06636d7f18	unclassified	0	0	0	0	1440	1
9f7db8d7-efa2-40da-b515-6d36b22f0c90	unclassified	0	0	0	0	1673	1
c24d0f63-c79a-4058-9c4f-9613e4fe67dc	unclassified	0	0	0	0	1397	1
8ef409e4-3d61-49d9-a18e-e27fb720bb20	unclassified	0	0	0	0	1348	1
223b6ffa-0010-4754-bd33-e9ac37cdc746	unclassified	0	0	0	0	1458	1
16c5af0c-14b8-4c00-8079-eadcf049c285	unclassified	0	0	0	0	1433	1
ffa3c907-4947-49e8-bbaa-0e3bf0670bf0	unclassified	0	0	0	0	2025	1
62a66141-6d34-4547-8310-43b4f18e3e46	unclassified	0	0	0	0	1223	1
1b23aa3a-f0d9-426a-955d-2cbe157603e9	unclassified	0	0	0	0	1424	1
f340d78d-d1cd-48b4-9823-63a94410d09f	unclassified	0	0	0	0	1584	1
c8da43e0-b8e9-42fb-9f86-73833ee8360f	order	24443	100	100	25	1405	3
c8da43e0-b8e9-42fb-9f86-73833ee8360f	class	2379	100	100	25	1405	3
c8da43e0-b8e9-42fb-9f86-73833ee8360f	order	26341	100	100	25	1405	3
16ca6bf2-e642-4fb2-883f-dd49b782b639	unclassified	0	0	0	0	2030	1
8f9796de-e06d-4663-a397-6840489a4b67	unclassified	0	0	0	0	1648	1
abbf1675-23d5-4bc6-8754-b59d2f958fc6	unclassified	0	0	0	0	3659	1
069579b2-c845-48f7-9c65-171d05324d8f	unclassified	0	0	0	0	1554	1
7fffc879-25b3-44ad-9255-4764f8c1b076	unclassified	0	0	0	0	1652	1
dfe4c423-ff76-4c8d-a1e3-4daddf938c2f	unclassified	0	0	0	0	1277	1
a213a53e-6c30-4cff-aa3a-4ab540109eb7	unclassified	0	0	0	0	1505	1
d45f8d12-adeb-49b0-ae2f-3b948323a67e	unclassified	0	0	0	0	1449	1
e7740982-1af7-43a9-b524-4344433bcf03	unclassified	0	0	0	0	1458	1
004c3b18-e80b-4c8d-b81c-4b0b7314ce1c	unclassified	0	0	0	0	1482	1
3912fba8-b6cc-498b-a502-7b1eb060e765	unclassified	0	0	0	0	2736	1
40e81f0b-e974-4690-a019-3530832e7127	unclassified	0	0	0	0	1429	1
7afe55e3-c72b-497b-8c77-3816d2a27f0d	unclassified	0	0	0	0	1431	1
574c0722-e956-4d5b-a29b-f94d5b352290	unclassified	0	0	0	0	1363	1
96bb38f2-4d9e-4f88-bb55-ec294291d126	unclassified	0	0	0	0	1460	1
a4db64cc-d708-4ded-9d41-38dd6bda6486	unclassified	0	0	0	0	2798	1
18dcd963-d178-442d-9429-d1864d45673a	unclassified	0	0	0	0	1095	1
a27394e2-698c-4924-b02a-92503f70ac97	unclassified	0	0	0	0	1421	1
59c228dd-0840-4172-bca0-d1f9de28de70	unclassified	0	0	0	0	1506	1
6b39bcee-7507-4548-a3a0-36ffdd6140fb	unclassified	0	0	0	0	1102	1
c2ce839b-10ee-411a-9dc5-e59274176d30	unclassified	0	0	0	0	3816	1
5569d3be-2d1d-4b73-9ac4-3de691d8de2a	unclassified	0	0	0	0	1453	1
cce8d0e6-9fca-4968-930a-e6c60181cbe5	unclassified	0	0	0	0	1507	1
520b6be8-b12f-49bf-96c1-8316c31e2504	unclassified	0	0	0	0	1583	1
e34c8e92-7eac-47f7-94b2-bf7875640d9e	unclassified	0	0	0	0	1605	1
cd3a0ed0-42b0-46d7-a4e9-b51e153ff8b1	unclassified	0	0	0	0	1371	1
953b26bb-78be-4b0b-894c-5792bb99024f	unclassified	0	0	0	0	1538	1
c38b4437-4241-4c09-97d3-be9a5c1c51d9	unclassified	0	0	0	0	1608	1
2ef109c3-9304-4f9d-b52e-8b5b3b4af9e7	unclassified	0	0	0	0	1523	1
f4f1a171-32bf-4bd1-9bf1-bced5107750b	unclassified	0	0	0	0	1619	1
b7cfbd2f-6ab2-4f60-bd1b-447b9d2bf936	unclassified	0	0	0	0	1434	1
7f69aeeb-42d8-400a-b302-4c0c850cf35f	unclassified	0	0	0	0	1606	1
f0f6c4cf-244a-42f9-b212-710dbcef8925	unclassified	0	0	0	0	3036	1
bde0588e-102b-4e60-b175-6e02229158eb	unclassified	0	0	0	0	2368	1
753cbbb8-6ded-4648-ab7a-6836f5222379	unclassified	0	0	0	0	1405	1
7405cd1e-6406-47ae-96df-fc7a713e389e	unclassified	0	0	0	0	1587	1
451e5d2b-0287-4c68-b333-361dae791d3d	unclassified	0	0	0	0	1402	1
7f5d4bda-0966-44cc-9d29-19efd7e7cbe3	unclassified	0	0	0	0	2820	1
de862cea-37d5-4b27-aa5e-816e083cdbb8	unclassified	0	0	0	0	1272	1
3c244365-6d54-4918-b424-1580e1e809b5	unclassified	0	0	0	0	1649	1
74363831-a1a9-4f6d-b72c-64d203019ae0	unclassified	0	0	0	0	1483	1
5ad94d25-1803-4a54-a9a0-e15949d83ae7	superkingdom	3	64	0	23	1490	1
7f663dca-626f-4251-a955-d18b6bd2a43b	unclassified	0	0	0	0	1568	1
de22f550-c961-4ae6-81c6-eb99f9480d8d	unclassified	0	0	0	0	1447	1
a8d96a42-8882-42c9-a5fe-b33e21d1186e	unclassified	0	0	0	0	1589	1
33a6397c-d587-40d6-9b7d-eecd26b1686c	unclassified	0	0	0	0	1512	1
34c05f94-5dcf-4774-89ef-a1fa7c78b192	unclassified	0	0	0	0	1582	1
1b5c682d-90f4-44fd-8b0b-48a1d1ed5809	unclassified	0	0	0	0	1425	1
dc1af01d-a032-4186-b5ca-6171138b3304	unclassified	0	0	0	0	1240	1
7e59e330-de15-4b8d-876a-d26c1390860a	family	26981	81	81	24	1601	2
7e59e330-de15-4b8d-876a-d26c1390860a	order	27008	81	81	24	1601	2
3739be31-7e5f-4c89-89cd-c4d6397fe050	unclassified	0	0	0	0	3613	1
15102373-7c5d-468a-bb50-6412c57ea33d	unclassified	0	0	0	0	1553	1
9730c794-dd6b-4cc8-9e72-6fb7ab2afd9f	unclassified	0	0	0	0	1484	1
f638e407-3ec0-4760-b92d-6d1bff422183	unclassified	0	0	0	0	1432	1
6fad912a-ea65-4ff1-bba2-8792b7fff91d	unclassified	0	0	0	0	1486	1
953882c0-9db8-40a2-9401-b4c29bc6f456	unclassified	0	0	0	0	1478	1
257461bf-180e-4318-8b4f-7e08072c85a2	unclassified	0	0	0	0	1738	1
c9d2ce43-fcbe-4e63-8b58-abba95cc6060	unclassified	0	0	0	0	1347	1
ae359831-4bcf-4de4-a320-7af8b42b3083	unclassified	0	0	0	0	1589	1
d82f6a0a-b1cb-4036-b110-93bd839e3748	AY356378.1.1240	1434	81	81	24	1514	3
d82f6a0a-b1cb-4036-b110-93bd839e3748	GC687981.1.1359	1434	81	81	24	1514	3
d82f6a0a-b1cb-4036-b110-93bd839e3748	AY356381.1.1240	1434	81	81	24	1514	3
b1e36fbf-5f18-4852-9273-dd02b032959c	unclassified	0	0	0	0	1320	1
48beb889-236b-4348-bed7-d1ff70ff8a3e	unclassified	0	0	0	0	1578	1
047f1cd0-3b61-475d-b836-e8b30e9278c3	unclassified	0	0	0	0	1430	1
84302425-3dbf-426c-b3c3-2d5c8b04086d	unclassified	0	0	0	0	1488	1
1018301b-a973-4e28-b000-d46eddf636d6	unclassified	0	0	0	0	1480	1
01fd41e1-72fb-4355-a407-79a7c8724323	unclassified	0	0	0	0	6948	1
41656f1f-228e-4d73-b78c-54fb1858a5cc	unclassified	0	0	0	0	1519	1
babf97b8-368d-49a3-b203-6f9eaf5e2afc	unclassified	0	0	0	0	1630	1
3e3fd96d-5f75-400e-8317-2a987b52ef5f	unclassified	0	0	0	0	2931	1
fdead1eb-7d44-43dd-8cbc-39c4c000c298	unclassified	0	0	0	0	1440	1
a28db674-dd74-4276-a854-f77f54527ede	unclassified	0	0	0	0	1403	1
c1f7e179-eae2-4b7f-885c-ac6a4afcfb02	unclassified	0	0	0	0	1514	1
8bfbdb88-2022-4187-8572-07ba33340290	unclassified	0	0	0	0	1056	1
3b930e6a-6d38-41c8-8d73-0593683e0d1c	unclassified	0	0	0	0	1459	1
c55cb5d2-8bbb-4cbe-991b-88a1841ecf2a	unclassified	0	0	0	0	1352	1
a5c1a961-d547-4195-8c07-f71193f936b8	unclassified	0	0	0	0	1539	1
780718af-4c26-4231-b4b3-225ec41d298f	unclassified	0	0	0	0	1409	1
f04168a2-0f24-4fd8-8c29-899e8ffb3fd1	unclassified	0	0	0	0	1505	1
05f38289-c08a-42c3-b088-98d27f532cee	unclassified	0	0	0	0	1452	1
aef4c91d-1d38-4197-9484-68fa277cb018	unclassified	0	0	0	0	1315	1
bab54d0b-35ab-4ac5-9405-4ded6db63847	unclassified	0	0	0	0	1427	1
bf7ae468-23d5-43d0-bda1-fe03e5c4b2a0	unclassified	0	0	0	0	1642	1
3e569562-1fdc-48c3-a1f4-7b8ee43a1a68	unclassified	0	0	0	0	1490	1
819037bd-e8e6-4179-aae9-b1973ca3d85b	unclassified	0	0	0	0	1388	1
89f32f9d-76ce-4074-b687-70ddbfd2e5d5	unclassified	0	0	0	0	1222	1
ff3e903d-6895-4dc2-85dd-6c2fd32a0918	unclassified	0	0	0	0	1725	1
40c69e8f-10d8-4449-a84b-b88b43edfdff	unclassified	0	0	0	0	1555	1
99eccb52-340f-4c4b-a4a1-e1122405802d	unclassified	0	0	0	0	1585	1
cb49059c-e750-4256-ab51-bd86d5e6316f	unclassified	0	0	0	0	1517	1
abbd367a-cca4-49e3-beda-a0fdc1ab455c	unclassified	0	0	0	0	1508	1
765db002-d971-4613-b0f8-d76c9feef3dd	unclassified	0	0	0	0	1501	1
845223d6-6b92-40b9-a9ad-50492be4276a	unclassified	0	0	0	0	1519	1
ccdc614d-31de-4211-9b3f-1603d8046ff7	unclassified	0	0	0	0	1127	1
079db28a-8a66-4af7-a894-caf8c1d3ab75	unclassified	0	0	0	0	1418	1
98886fe9-6be4-4bc9-82e6-b909dc397fbe	unclassified	0	0	0	0	1516	1
72416182-2625-4d42-b39b-166384bd28dd	unclassified	0	0	0	0	1373	1
4e2abb01-6be8-4fd3-951f-002973b7fb11	unclassified	0	0	0	0	1508	1
50aa19eb-490e-4eae-b426-1fc6fe557e5e	unclassified	0	0	0	0	1455	1
5d2a055b-1374-45cf-83b1-417275c5c54e	unclassified	0	0	0	0	1478	1
a15689b7-cae3-4243-a7bd-568c2257d15b	unclassified	0	0	0	0	1321	1
29417f43-0086-45aa-b878-0ecc58b6f155	unclassified	0	0	0	0	1554	1
0c65ed47-f456-40ea-a58e-8014656d57e8	unclassified	0	0	0	0	1648	1
df719b3c-7994-4a5e-bbf8-0a44a4ed6843	unclassified	0	0	0	0	1464	1
c8104a5f-6093-47bb-bfcc-931df218bcf3	unclassified	0	0	0	0	1440	1
50c61a25-1415-4fcb-bffe-54c45e55c6ae	unclassified	0	0	0	0	1511	1
b86921dd-a955-4981-9c8d-8a24d0442d3f	unclassified	0	0	0	0	1527	1
16003a80-6ed8-4207-a98c-139489d480c4	unclassified	0	0	0	0	1577	1
775492cd-aea8-4be1-b5bc-605c4a0526b3	unclassified	0	0	0	0	1134	1
74c445fd-826a-456c-b741-ae13c23f8cd4	unclassified	0	0	0	0	1648	1
720fc542-bd32-45ed-90d9-fecb8297b4e5	unclassified	0	0	0	0	1549	1
e486619b-b1ed-48c8-99ff-72d9ba32d4e3	unclassified	0	0	0	0	1506	1
a2dbf09e-d1b2-44cf-a609-e30fcf937a01	unclassified	0	0	0	0	1625	1
2585bbe1-ce61-41fd-b342-c00e3e438382	unclassified	0	0	0	0	1480	1
fd55c373-87f4-4a85-9f41-8c814e65a6ee	unclassified	0	0	0	0	1779	1
875ddd95-a773-4fb2-9c38-14d38f559041	unclassified	0	0	0	0	1553	1
27727fbb-aa10-45b5-b298-5991db52d709	unclassified	0	0	0	0	1995	1
494d5d11-4691-4140-a127-7deda580de91	unclassified	0	0	0	0	1088	1
712d40d0-2d70-4fdf-b251-950e8613787f	unclassified	0	0	0	0	1546	1
cc38f9f9-522d-4a45-ac6b-cee6389116cb	unclassified	0	0	0	0	1454	1
7e0f4bd9-7fd1-49f0-992e-12e215f7ddb2	unclassified	0	0	0	0	1496	1
abceab97-4662-428e-8bc5-b9865cd62081	unclassified	0	0	0	0	1460	1
a87d12a9-8b67-49f6-bf8e-04f72c02db91	unclassified	0	0	0	0	1606	1
053b5aef-29e4-450e-a0e7-e4a06bbc8e53	unclassified	0	0	0	0	1495	1
9dbd9f6b-259f-42e8-a426-540459867876	unclassified	0	0	0	0	1538	1
34ee565a-fd77-4bda-a565-63d93deb3521	unclassified	0	0	0	0	1608	1
ad7f3c65-acee-4adf-ad34-f180aad3d086	unclassified	0	0	0	0	1433	1
4a74c391-e3f6-4937-ae67-a70e0554d35a	KF484912.1.1402	26314	64	0	23	2167	1
71c21330-d884-433a-b2eb-7e86b4e10179	unclassified	0	0	0	0	1573	1
e0dd8882-a8e4-45ea-842b-12f54c935153	unclassified	0	0	0	0	1415	1
a0f3877e-4b15-4b5a-9902-480e56396f7e	unclassified	0	0	0	0	1419	1
5ae50a50-e0c0-4e8b-a044-2883bf328421	unclassified	0	0	0	0	1504	1
c343d64e-8b4b-4c7b-a4f3-d16dea8082bd	unclassified	0	0	0	0	1575	1
e8c6a96e-2db7-46e7-aad4-fb9ff288b853	unclassified	0	0	0	0	1471	1
a2b8813e-78b4-4838-9de5-913720fc251c	unclassified	0	0	0	0	1457	1
695e1505-5769-4b86-80e3-357693fefb85	unclassified	0	0	0	0	1576	1
e1241477-41ee-4da0-9207-edb02b105814	unclassified	0	0	0	0	1586	1
ad104928-87ab-4f4e-9fc5-dc07c9dfa1e5	unclassified	0	0	0	0	1516	1
cffa346f-9afd-4acb-980e-1a3d3ed30a2e	unclassified	0	0	0	0	1491	1
12535154-d694-41ca-8138-29570b58fcfb	unclassified	0	0	0	0	1508	1
f11324a3-b67a-4528-9261-06fe5ea18242	unclassified	0	0	0	0	1468	1
04f59a99-0c7a-4b90-aa86-6408afbf5b39	unclassified	0	0	0	0	1440	1
9c6f247c-3c93-4523-ac39-68dd99030830	unclassified	0	0	0	0	1402	1
ec9caaea-d78b-480e-b283-b008b474b710	unclassified	0	0	0	0	1444	1
15eae010-f32b-4475-a676-40bd69e029da	family	26981	81	81	24	1404	2
15eae010-f32b-4475-a676-40bd69e029da	order	27008	81	81	24	1404	2
ccca1d91-78be-44a8-8c87-3a6c3a94a527	unclassified	0	0	0	0	1513	1
724534c9-19d7-426f-913e-9ba409c36941	unclassified	0	0	0	0	1503	1
cd1abdd6-b7b0-46af-a853-4496eb1f71b4	unclassified	0	0	0	0	1688	1
6946a6dc-64a8-421e-892d-6cf6a9dea3f2	unclassified	0	0	0	0	3039	1
85c1881d-fda9-4a43-8321-cbabb798dd48	unclassified	0	0	0	0	2050	1
d3858c20-1d9f-4814-97d4-045fbf3c9cd4	unclassified	0	0	0	0	1508	1
5a4cf094-9a4e-485d-8193-acf0c8428907	unclassified	0	0	0	0	1488	1
8f2be58b-27ad-4ee2-b1e4-41f611137d19	unclassified	0	0	0	0	1111	1
b0fa8f78-122e-4934-bedc-8eade0abb380	unclassified	0	0	0	0	1313	1
c086ce9d-41d2-4bec-afff-2a3caf70f1f9	unclassified	0	0	0	0	1437	1
f7e06d78-2945-40d9-9628-8dfd3b3f4168	unclassified	0	0	0	0	1673	1
4493c408-4be3-4a58-a89a-068ad664d087	unclassified	0	0	0	0	1085	1
cb1a4a59-92ed-4c57-b32f-1c51d17f81e9	unclassified	0	0	0	0	1613	1
8a175194-8588-4ba0-b904-9fbb17bae04c	unclassified	0	0	0	0	1457	1
1b86ba9c-e059-472a-86ad-b4bd572a734d	unclassified	0	0	0	0	1638	1
8e752e01-8b93-46ae-b8fb-41028ab61864	unclassified	0	0	0	0	1483	1
3e362d2e-b902-404a-a8a8-ed0b74531acc	unclassified	0	0	0	0	1876	1
7b698966-e60c-4463-b09c-e6b5f4362383	unclassified	0	0	0	0	1522	1
4a11c1bc-7fd4-485b-9d40-cf19704d4a80	unclassified	0	0	0	0	2330	1
abb89f42-27dc-4cf8-a943-964d21f68bde	unclassified	0	0	0	0	3058	1
541600bb-3fc6-4eb5-88bc-cba0c9a8c028	unclassified	0	0	0	0	1425	1
5e83e51d-9829-4730-b436-cf5acb5c08c6	unclassified	0	0	0	0	1032	1
28033e0c-e553-4d81-9e3a-3731f34b6e3b	unclassified	0	0	0	0	1596	1
facf2381-13f7-40aa-bcf6-208d3d5ef128	unclassified	0	0	0	0	1475	1
8819c6d1-c81d-4208-b45c-e066a036fad8	EU231640.1.1545	1688	81	81	24	1488	4
8819c6d1-c81d-4208-b45c-e066a036fad8	JQ936334.1.1548	1688	81	81	24	1488	4
8819c6d1-c81d-4208-b45c-e066a036fad8	JF072433.1.1372	1780	81	81	24	1488	4
8819c6d1-c81d-4208-b45c-e066a036fad8	FPLN01001860.10.1539	1688	81	81	24	1488	4
b6599f9f-d6e9-4425-8962-33dc70d2d52d	unclassified	0	0	0	0	2015	1
c517950b-e14d-44a9-adc7-7ba07089e402	unclassified	0	0	0	0	3237	1
f46fa927-9b93-4ebf-8b35-5982b67b671e	unclassified	0	0	0	0	1765	1
87fe0083-b993-4ac9-a06c-6305ef3214c6	unclassified	0	0	0	0	1534	1
1e84a5de-4ae7-4510-96d6-f695f38615c4	unclassified	0	0	0	0	1521	1
368d362d-3749-4dd4-ba4e-38d6aa48ca2f	unclassified	0	0	0	0	1430	1
d615deef-3047-466e-b674-faf131b1e305	unclassified	0	0	0	0	1488	1
f30d5871-43f8-45ff-bb91-37e814df6f8c	unclassified	0	0	0	0	1507	1
0bf346da-6243-4568-bbec-4028f388777c	GQ503836.1.1472	0	100	100	25	2415	4
0bf346da-6243-4568-bbec-4028f388777c	HQ896298.1.1355	0	100	100	25	2415	4
0bf346da-6243-4568-bbec-4028f388777c	D89034.1.1444	0	100	100	25	2415	4
0bf346da-6243-4568-bbec-4028f388777c	genus	1873	100	100	25	2415	4
e19c245d-dcfc-4a05-8aa9-c75df666b3c4	unclassified	0	0	0	0	1516	1
2eb2db76-06ea-414e-b310-b6a084adabaf	unclassified	0	0	0	0	1464	1
f128d603-7d35-4ff5-bb2f-10b6025bc959	unclassified	0	0	0	0	1421	1
e965814d-accc-4e4e-862a-9b643275731a	unclassified	0	0	0	0	1265	1
515c3d88-d721-4114-8438-f618993d1040	unclassified	0	0	0	0	1406	1
f7dccbeb-4a2b-48ce-b462-f64b15c7cf95	unclassified	0	0	0	0	1430	1
b2ad361c-356c-48d9-92fb-0e4636b2ff67	unclassified	0	0	0	0	2775	1
a29eddf3-c437-404d-8a4d-4d52090632ad	unclassified	0	0	0	0	1447	1
ffb57eef-d463-4d8f-b9d6-464c4d83bdf6	unclassified	0	0	0	0	1155	1
261db0ee-60a2-4f40-852a-afa3dee831db	unclassified	0	0	0	0	1385	1
a17cfd00-19f4-4358-b639-05e60c614320	unclassified	0	0	0	0	2673	1
c9d153ae-5e5b-4700-baf5-963e88ff9a74	unclassified	0	0	0	0	1431	1
7543495e-bf85-417f-a239-52f2f5d58283	unclassified	0	0	0	0	1004	1
0d5fe9a0-9b4e-41bc-aaa6-6b4f9fe88283	unclassified	0	0	0	0	1539	1
9a7c90e4-7988-4008-bb6c-309acfb534d8	unclassified	0	0	0	0	1509	1
6597ff9c-8cc7-435f-b406-e940afc563f6	unclassified	0	0	0	0	1426	1
651cad9b-ebaf-4fe0-a18f-49f2cdc77b89	unclassified	0	0	0	0	1364	1
ebfb9623-ae7e-41ef-9d71-90372a797ec3	unclassified	0	0	0	0	1433	1
060872a5-e07e-49de-8f20-b5e208bdd73e	unclassified	0	0	0	0	1552	1
7da8b8e4-151e-443a-9dd1-b1ed2ec75564	unclassified	0	0	0	0	1702	1
ed753ff4-f9cf-417d-b514-342b4c2324d3	unclassified	0	0	0	0	1211	1
14271ea7-b30e-486d-9780-fd71021b46df	unclassified	0	0	0	0	1429	1
add8f3d9-cf7f-42d6-9a03-2d9a0028abb7	unclassified	0	0	0	0	1605	1
5ee6745d-43fa-45c1-b953-d22db9b84e3a	unclassified	0	0	0	0	1528	1
565690ca-7dc9-4684-ba50-d73b6263e727	unclassified	0	0	0	0	1084	1
1d8e939d-efc4-459d-be7a-dbd75679aa44	unclassified	0	0	0	0	1432	1
3c5cf180-5c6e-445f-83e5-6d4a2472fd72	unclassified	0	0	0	0	1519	1
1a8dcbe9-33a0-4c9f-a943-d2b70ec0fa36	unclassified	0	0	0	0	1461	1
5869531e-2729-4919-b012-e0f564b54e98	superkingdom	3	64	0	23	3057	1
5b2ba25a-2b83-40a4-9220-1500c1c87619	unclassified	0	0	0	0	1562	1
9fc00ea7-5d15-4d2a-867a-e020c12f066d	unclassified	0	0	0	0	1417	1
631cb4f9-466f-42d8-9ac0-471e42cd37e4	unclassified	0	0	0	0	1113	1
2ec4cca5-3185-4bdc-87d8-7c7cd4d8cead	class	1611	81	81	24	1639	5
2ec4cca5-3185-4bdc-87d8-7c7cd4d8cead	class	4029	81	81	24	1639	5
2ec4cca5-3185-4bdc-87d8-7c7cd4d8cead	class	2260	81	81	24	1639	5
2ec4cca5-3185-4bdc-87d8-7c7cd4d8cead	class	3087	81	81	24	1639	5
2ec4cca5-3185-4bdc-87d8-7c7cd4d8cead	phylum	400	81	81	24	1639	5
42a52a43-6f90-491b-bf1b-f44d1aaeeb1c	unclassified	0	0	0	0	1510	1
1bfd14df-0f03-42ef-959a-4f78170ac0e5	unclassified	0	0	0	0	1504	1
f1961918-1b13-4929-be5e-c97bee26136f	unclassified	0	0	0	0	1431	1
ab25b139-cd1a-4ccc-ad48-b611b696d803	unclassified	0	0	0	0	1419	1
b61d9e35-670a-43d0-a972-7b799e48aca4	unclassified	0	0	0	0	1552	1
634217e8-d7bb-42cf-8841-8689f48bdae9	unclassified	0	0	0	0	1399	1
cb2de764-314b-43fe-9e79-3a31426ec496	unclassified	0	0	0	0	1261	1
c95e5d36-137a-417d-a836-a4ebb66e6529	unclassified	0	0	0	0	1469	1
166b5751-f643-469d-af01-20d5d4986e9b	unclassified	0	0	0	0	1456	1
2b75d4a6-6cdd-4839-a2b3-4deadc4dc994	unclassified	0	0	0	0	1527	1
74e3e7f6-1202-48f3-8a89-5743db2a00cc	AR082909.1.1439	2784	64	64	23	1423	2
74e3e7f6-1202-48f3-8a89-5743db2a00cc	U04163.1.1439	2784	64	64	23	1423	2
24d16684-2a0b-4856-90ed-1a4c42590271	unclassified	0	0	0	0	1472	1
04cba0e5-3ec0-4bb7-98c0-ce25e586c148	unclassified	0	0	0	0	1924	1
609db18d-1652-4d16-8d15-95a793707b91	unclassified	0	0	0	0	1401	1
9cfb4fa9-f73a-4e14-82f0-24cbde3401c7	unclassified	0	0	0	0	1325	1
5cefeeb1-6879-4950-af3f-96d9d0b535cf	unclassified	0	0	0	0	1478	1
45990c67-ae4f-468f-b087-b4ba37202a72	unclassified	0	0	0	0	1028	1
3423bb39-14a1-45ac-9b31-ce0045f9271a	unclassified	0	0	0	0	1529	1
86f5325c-df8f-4f6f-9f81-ab08dcc2deba	unclassified	0	0	0	0	1188	1
80e12959-0485-4850-aad2-2f94eb67160e	unclassified	0	0	0	0	1846	1
6381df7a-a137-4ea5-abc5-7e904a57245f	unclassified	0	0	0	0	1551	1
2aa7ce91-e4be-4717-9735-ea4549a56e02	unclassified	0	0	0	0	1309	1
53ec8661-33e0-49af-8aa3-b84563e08233	AB936069.1.1498	26368	64	64	23	1520	2
53ec8661-33e0-49af-8aa3-b84563e08233	AB856586.1.1476	26368	64	64	23	1520	2
157f3d6d-5de7-4e62-806f-95cfd852d96f	FJ612278.1.1483	25015	81	81	24	1502	2
157f3d6d-5de7-4e62-806f-95cfd852d96f	DQ676373.1.1427	1644	81	81	24	1502	2
3b5d30aa-db4b-4f5b-966e-854a7a2714f3	unclassified	0	0	0	0	3255	1
79f6abbd-68d3-4f67-a5be-84489259b2b9	unclassified	0	0	0	0	1544	1
d1992c0f-266d-4eab-9924-be46be70c649	unclassified	0	0	0	0	1613	1
a53a8422-0686-4064-9cdd-e6201e1d087a	unclassified	0	0	0	0	1532	1
384651bf-d157-425d-9ffd-2da3dc281b2b	unclassified	0	0	0	0	1615	1
faaafd10-8aa7-43d9-9318-a9376d6884a3	unclassified	0	0	0	0	1378	1
d3d338de-13e6-4279-b35e-0032c4998829	unclassified	0	0	0	0	1542	1
132a3227-d11d-4648-9988-d146d19baffb	unclassified	0	0	0	0	1520	1
150e0a7c-3274-4404-99fe-5cc48884c731	unclassified	0	0	0	0	1026	1
674e60a7-1c47-4537-bd1e-ec5fb48b4cc9	unclassified	0	0	0	0	1525	1
4afb43eb-6cd3-4821-9b20-2b665481e08f	unclassified	0	0	0	0	1352	1
61f23380-ce18-4471-89f5-67b6cce2c87a	unclassified	0	0	0	0	1410	1
2f523439-4c2a-4b1b-b735-c77a8a965fd7	unclassified	0	0	0	0	1496	1
127754be-f2e9-4e8e-88d2-e9ace33f32cc	unclassified	0	0	0	0	1449	1
5c2c2c9d-20e9-4066-a3ac-30bf4eaa9b19	unclassified	0	0	0	0	1633	1
aba04b64-92c2-426e-aa38-664daeb208ff	unclassified	0	0	0	0	1416	1
36fa549c-7ab6-4900-a22b-442ca0889f87	unclassified	0	0	0	0	1675	1
142b8ec2-e547-489c-8dde-60575f661e1f	unclassified	0	0	0	0	1431	1
5dd63e86-2d6a-4756-b0e8-82fd3f9625cf	unclassified	0	0	0	0	3003	1
f8840b6f-54e3-4611-9d6d-e5cad5b5affa	unclassified	0	0	0	0	1108	1
afc53437-b8b4-422e-9374-7baa6d75e06b	unclassified	0	0	0	0	1361	1
bfca01c5-d812-4f04-8737-1a7d5ccd137d	unclassified	0	0	0	0	1581	1
9f2e3a9c-fe07-4170-b719-c0b392efe190	unclassified	0	0	0	0	1544	1
8422cb40-ed26-483b-b087-3b681715b6f4	unclassified	0	0	0	0	1439	1
e5f0eb95-9e83-4b82-8df8-f2bc08baf01e	unclassified	0	0	0	0	1449	1
fb019601-7bf0-4330-bff8-209fd5861563	unclassified	0	0	0	0	1507	1
40499ac0-8a4c-435b-838a-b27bfe8fff5b	unclassified	0	0	0	0	1403	1
a3f84736-155a-4bcf-9f2f-4b5ab80040ab	unclassified	0	0	0	0	1676	1
af103df1-7ce1-4c29-9cae-196214bc1561	unclassified	0	0	0	0	1501	1
b85a3004-b144-47bf-89c6-eda2311e8dcf	JN207197.1.1269	14452	100	100	25	1646	2
b85a3004-b144-47bf-89c6-eda2311e8dcf	JN983664.1.1462	2805	100	100	25	1646	2
28d75b6b-aa5b-4edc-b55c-2259edb1ad67	unclassified	0	0	0	0	1537	1
1447db7d-0f54-42a2-849c-b2259020359e	unclassified	0	0	0	0	1523	1
933fa6bd-86cc-468c-894f-127937f3768a	unclassified	0	0	0	0	1510	1
0b506b67-126c-4156-9cfb-774cf758692f	unclassified	0	0	0	0	1478	1
93179ea7-fdef-453c-b1a9-c7c8f2f67c6c	unclassified	0	0	0	0	1436	1
cb095deb-9f2b-4956-acb3-797396d7d6ba	unclassified	0	0	0	0	1586	1
9a82e2bc-0874-4ce4-a1d6-dbec5b6ac3a9	unclassified	0	0	0	0	1526	1
7f8d8395-3844-46fe-98b2-6851540ac64e	unclassified	0	0	0	0	1483	1
a1da0862-180c-4982-8267-7e1db1b71af5	unclassified	0	0	0	0	1483	1
a11d3a31-b99c-4927-9ddd-67acceecec62	unclassified	0	0	0	0	1148	1
15c6a9c5-6c5a-473b-9dcd-4d70fe1e68cf	unclassified	0	0	0	0	1487	1
6e657318-8046-4f65-bcf4-3e4684ededd3	unclassified	0	0	0	0	1091	1
c1749181-9c3c-44a7-98c8-86b11b70c032	unclassified	0	0	0	0	1513	1
47721fe2-cb16-4704-974a-4524d33976cd	unclassified	0	0	0	0	1493	1
6a975d31-2863-4f85-adad-92b0af69ad54	unclassified	0	0	0	0	1348	1
41fda0d8-4888-4423-a742-2e33e3e57cac	unclassified	0	0	0	0	3040	1
cbee1a99-a031-447a-8730-ae59716349da	HM251449.1.1359	24674	100	100	25	1633	2
cbee1a99-a031-447a-8730-ae59716349da	JX521086.1.1458	3769	100	100	25	1633	2
cec02fea-966b-4bd5-9666-770d26c50d65	unclassified	0	0	0	0	1691	1
445dfec3-09ce-418c-81e8-15583751e6f8	unclassified	0	0	0	0	1636	1
f5a60a12-0dc4-4c44-ac96-08dcf219b7ed	unclassified	0	0	0	0	1842	1
b6060838-6931-4710-936c-09c1ccc7b0fb	unclassified	0	0	0	0	1395	1
a0760de7-467d-43c4-b4b3-1988c67f50d3	unclassified	0	0	0	0	1578	1
ba13cd7f-2598-473b-ab46-28dd15fee521	unclassified	0	0	0	0	1563	1
50b3e671-8829-4762-b79b-78cce0ae264c	unclassified	0	0	0	0	1394	1
c0f16215-b05c-46fe-a557-cea5d7f6eacf	unclassified	0	0	0	0	1465	1
ee0e5c46-8324-45c2-8c1c-d103ba6de5eb	unclassified	0	0	0	0	1423	1
da5ce55f-59d2-438a-962e-fb23bf44988d	genus	1688	196	196	29	1478	2
da5ce55f-59d2-438a-962e-fb23bf44988d	HQ327271.1.1484	0	196	196	29	1478	2
95651883-b898-4a55-8f26-6e17cdbf0e3e	unclassified	0	0	0	0	1554	1
857f05d4-c3e3-4f22-9d6a-036fe63bb1e2	unclassified	0	0	0	0	1306	1
75abab6d-1fce-47cc-9100-a2e6a5fa8a00	unclassified	0	0	0	0	1447	1
f4b1a3fd-23fc-4ad3-8847-3e8b84456080	unclassified	0	0	0	0	1068	1
dae2e529-d409-4379-95a2-332f9add0096	unclassified	0	0	0	0	1424	1
c658d869-ed20-432e-93bc-d01f1893e8fe	unclassified	0	0	0	0	1540	1
8d1836eb-1e6e-4811-bad8-3e66d28d25c7	unclassified	0	0	0	0	2518	1
4a0299b1-7027-440b-b098-e5f415eae590	unclassified	0	0	0	0	1674	1
ad16496a-ba83-41c4-9783-de63d1367767	unclassified	0	0	0	0	1608	1
db479c08-cfd6-412f-bb1a-5160963856b0	unclassified	0	0	0	0	1508	1
32c72126-f1ca-488a-a57d-6da15e1ba069	unclassified	0	0	0	0	1406	1
d5362100-9067-4dae-baa3-536c503198e8	unclassified	0	0	0	0	1555	1
04472fa4-304c-465a-a31a-ed656b0e6e97	unclassified	0	0	0	0	1538	1
2d998bba-678d-4ced-947d-cd4634519a74	unclassified	0	0	0	0	1565	1
677bdd4d-0be2-4d52-a863-69fe96b8a323	unclassified	0	0	0	0	1483	1
dfc6216c-5d17-470c-b6af-b2b9e4711055	unclassified	0	0	0	0	1629	1
567e53df-4b63-481c-9408-34e8e831e97a	unclassified	0	0	0	0	1402	1
cbd79ef2-8c25-4fdb-8375-63a49c09124e	unclassified	0	0	0	0	1397	1
15d13f4c-cd32-477a-bea1-8d5e7786471d	unclassified	0	0	0	0	1240	1
1cc0213d-4d78-4d06-8e66-62bb00171591	unclassified	0	0	0	0	1580	1
11130593-3dda-4748-923d-65330ab76cc4	unclassified	0	0	0	0	1581	1
c0527669-7e84-49ca-93a5-cb6c52cc331d	unclassified	0	0	0	0	1380	1
a3d4ad71-a7ea-4051-8011-8e88e1803432	unclassified	0	0	0	0	1432	1
43d1fc8c-7566-4f38-9444-aa62fce4f5dc	unclassified	0	0	0	0	1629	1
ec50debd-2764-4b97-8da5-368f72c4fd80	unclassified	0	0	0	0	1553	1
5a0fcb5c-11bb-4521-b6e9-33335141b519	unclassified	0	0	0	0	1147	1
ae7af098-f79e-4ca7-a80e-a51b18da260c	unclassified	0	0	0	0	1454	1
20e4ff1a-68f1-4c73-b2f1-ac79abccabc2	unclassified	0	0	0	0	5003	1
13c59b80-a642-4f3f-9d9b-22f1b5d8d5bb	unclassified	0	0	0	0	1420	1
d31580ce-5044-4cf8-8022-f605f47e4789	unclassified	0	0	0	0	1058	1
f62548a1-6f5f-4b6b-909c-802aa4318677	unclassified	0	0	0	0	1433	1
6a204524-6ca1-4654-a4fe-173fe9cc736a	unclassified	0	0	0	0	1472	1
ee74215c-14e2-43b3-8890-c20264934b55	unclassified	0	0	0	0	1399	1
62d0b5ea-2d0c-4448-9807-225047ebf01b	unclassified	0	0	0	0	1373	1
f4c46e1b-c868-4f80-9095-1fcfaad6ebc7	unclassified	0	0	0	0	1266	1
4d03337c-b021-43c0-b10a-7eef1b8608ed	unclassified	0	0	0	0	1458	1
4874228e-bad9-42c2-852a-b2432b993d3f	unclassified	0	0	0	0	1115	1
f92cfab4-d292-42e7-8014-ad5981f91da3	unclassified	0	0	0	0	2017	1
87aba8a0-3722-4683-b003-3ef5c60572e9	unclassified	0	0	0	0	1482	1
bdeda92e-5ac5-497c-82a0-266efc312d81	unclassified	0	0	0	0	2027	1
32135a72-ba82-41b5-95ae-dac05023a52f	U85838.1.1255	2854	144	0	27	1466	1
5de4018e-fa2d-4004-83d7-036a39e80811	unclassified	0	0	0	0	1065	1
bd6fa116-e01c-41f8-91a7-b02d736959b1	unclassified	0	0	0	0	1771	1
90424e3b-a6b9-4f94-b5f6-422b8f4bf96f	unclassified	0	0	0	0	1567	1
48f70e0d-3a0e-474f-8bc7-d45a73b63cc9	unclassified	0	0	0	0	1048	1
cd834513-4d98-47f9-99e9-83234d8fb252	unclassified	0	0	0	0	1472	1
d3034c03-cec2-48b9-8f26-03635f4ec084	unclassified	0	0	0	0	2204	1
b94f4ebd-affc-4f9a-83f0-8a939d51f041	unclassified	0	0	0	0	1440	1
3ea2aaf8-e1ee-4c3e-ad57-50c58e444ebf	unclassified	0	0	0	0	1539	1
2297a278-8540-46be-8618-b47e0007aefb	unclassified	0	0	0	0	1488	1
46521922-0884-4a27-873f-3616853eb69f	unclassified	0	0	0	0	1480	1
10c78a16-bbad-458b-b107-52f6e8b63b25	unclassified	0	0	0	0	1674	1
4b7bd9ee-f492-4e2b-8dbf-5ba493769010	unclassified	0	0	0	0	3153	1
dc2c44b2-01cb-456d-a6fb-8330db5634e4	unclassified	0	0	0	0	1444	1
f64af142-d943-4817-a200-8227b3ea27b9	unclassified	0	0	0	0	1441	1
b298b98c-eb32-49f0-8c92-305dd74391d7	unclassified	0	0	0	0	1530	1
bb6abd13-20d9-4028-a9d7-929120401e09	unclassified	0	0	0	0	1564	1
24b062b5-b54e-43c2-a5c0-edf062054fea	unclassified	0	0	0	0	1541	1
114e1071-4585-460d-926a-e693bec44002	JF241502.1.1380	2167	100	0	25	1513	1
6806f106-899f-4ce5-9d1c-e831cda19804	unclassified	0	0	0	0	2002	1
c96b4c42-c347-4643-8191-4ea285eddc1c	unclassified	0	0	0	0	1478	1
b8863778-0be1-457a-a6bc-89c27215f82f	unclassified	0	0	0	0	1623	1
7c3d2ce5-de63-4cfb-b3ee-a10455db46ce	unclassified	0	0	0	0	1441	1
9e960ad0-1f15-4ed6-906d-6589207f59d1	unclassified	0	0	0	0	1589	1
9cb35942-7902-4441-820c-2d01c567e497	unclassified	0	0	0	0	1483	1
036422bb-627e-4461-8a78-c3daf7ab27d9	CXYX01000011.370.1618	0	121	121	26	1545	3
036422bb-627e-4461-8a78-c3daf7ab27d9	AJ404305.1.2325	0	121	121	26	1545	3
036422bb-627e-4461-8a78-c3daf7ab27d9	genus	9583	121	121	26	1545	3
ba4f0800-ef65-462e-b62e-b61ecef3da82	unclassified	0	0	0	0	1254	1
74b185d0-f842-4d57-906f-fd8a4fc521f5	unclassified	0	0	0	0	1367	1
37256873-a7f4-4891-b4fd-846edbf944b1	unclassified	0	0	0	0	1011	1
bcc9d411-bda6-4c1c-9ef3-8480abd9e749	unclassified	0	0	0	0	1623	1
ca65e8a9-affa-42b2-827c-963be4336b3c	unclassified	0	0	0	0	1461	1
4122b8bf-3199-456d-9f5c-cec6cf74005a	unclassified	0	0	0	0	1629	1
9c517ade-2062-450f-a495-4168b32dd704	unclassified	0	0	0	0	2715	1
7b2169b8-8849-495d-851d-1c7dd18578e6	unclassified	0	0	0	0	1542	1
58a59a4a-27c6-41c3-9ca1-0e2cf40d1ccd	unclassified	0	0	0	0	1424	1
99121d86-7b6d-4998-ad0b-c1b9f5060e94	unclassified	0	0	0	0	1158	1
01696d5c-6d67-4175-a655-840f2ba48649	unclassified	0	0	0	0	1450	1
9ed7b7f3-f6fd-4e49-b166-73e019a1ad27	unclassified	0	0	0	0	1402	1
d7907960-3c80-4c0c-bbf0-37abbea38640	unclassified	0	0	0	0	1435	1
91a50535-4a07-4dba-a097-54c28f63104b	family	26981	144	144	27	1531	2
91a50535-4a07-4dba-a097-54c28f63104b	order	27008	144	144	27	1531	2
a91a9355-f412-459c-a06c-46821ef98ac6	unclassified	0	0	0	0	1366	1
87328449-ffff-4732-b501-cebabffe9d42	unclassified	0	0	0	0	1171	1
6fd44004-ef4a-4991-b6ba-37c909abd6eb	order	1800	81	81	24	1470	4
6fd44004-ef4a-4991-b6ba-37c909abd6eb	class	3303	81	81	24	1470	4
6fd44004-ef4a-4991-b6ba-37c909abd6eb	order	2386	81	81	24	1470	4
6fd44004-ef4a-4991-b6ba-37c909abd6eb	order	26955	81	81	24	1470	4
5e585e83-494c-4146-accc-e2a711a3e756	unclassified	0	0	0	0	1454	1
dae45a65-e4aa-4851-8246-b5024efab337	unclassified	0	0	0	0	1390	1
443568c2-9886-4cff-90c7-1eed64c353e7	unclassified	0	0	0	0	1436	1
1ab842a3-4b11-460c-acfd-966cdc633dc3	unclassified	0	0	0	0	1788	1
254ab25d-2d03-47c8-b336-74eb73b18365	unclassified	0	0	0	0	1477	1
50096e43-a49a-4367-b4fb-f67546660f38	unclassified	0	0	0	0	1634	1
bfd32265-51d4-4930-82b5-9e004050080c	unclassified	0	0	0	0	2971	1
65409532-35ab-4235-82ea-798db42170d8	unclassified	0	0	0	0	1470	1
2bebbe30-5516-4923-9782-16bf8590a5d5	unclassified	0	0	0	0	1450	1
8142b83d-fea0-411f-a316-94083bdc9114	unclassified	0	0	0	0	1444	1
8bdb997a-c7c8-44ca-b336-d8f94fe1a24c	unclassified	0	0	0	0	1503	1
190b4eff-af0c-4359-9f32-4d68ea5e13e8	unclassified	0	0	0	0	1406	1
e4c0a608-a59c-4666-bfa5-e5baebbeb38e	unclassified	0	0	0	0	1469	1
b3ea8acd-b971-4774-bf06-91aa1430bb8b	unclassified	0	0	0	0	1641	1
37a0c3eb-b2c4-4874-b796-271d1b4a3627	unclassified	0	0	0	0	1469	1
2f81b0b2-82fc-436c-9bee-c04339cb704d	unclassified	0	0	0	0	1426	1
bd323b7e-a931-490c-84ab-0b4f237d7f19	unclassified	0	0	0	0	1110	1
87695cd5-2036-4034-977c-96f1426720e2	unclassified	0	0	0	0	2833	1
0aa214b8-6e45-4e53-9218-6a5e5c6350ed	unclassified	0	0	0	0	1465	1
09441572-ff64-4076-81e2-4f944ccb2e4a	unclassified	0	0	0	0	1483	1
286bfa5e-e562-4629-a4c5-aab8bbc5a53f	unclassified	0	0	0	0	1171	1
5bc1a641-3cbc-43df-99b2-f9f42263a05e	unclassified	0	0	0	0	2263	1
5b855ae4-027b-430f-b637-cadac98ca5ef	unclassified	0	0	0	0	1463	1
19df021c-0c9d-479a-981b-9fd98f86e88e	unclassified	0	0	0	0	1575	1
3838d973-4f73-4468-b2f6-0df44a0b20bb	unclassified	0	0	0	0	1412	1
96d229ad-f7d3-44c3-a1ef-473ea5b6276c	unclassified	0	0	0	0	1158	1
c8d9101b-0e40-4d1e-a68c-1e12fb2994d2	unclassified	0	0	0	0	1481	1
59f92535-78a6-4571-84ce-fe0748ec1ab0	KF484912.1.1402	26314	64	0	23	1478	1
a5e36289-91e9-42be-9231-ec65adafc3ee	unclassified	0	0	0	0	1574	1
400db2e7-3bd1-45fb-ad3e-4dd5d82f7cfc	unclassified	0	0	0	0	1607	1
c074a596-073a-4086-8e0a-5177bedc55f7	unclassified	0	0	0	0	1536	1
4f65d507-ec6f-492d-b946-f47909d133f8	unclassified	0	0	0	0	1566	1
dfedf66b-258b-4a7f-a095-c1dacd8d6afe	unclassified	0	0	0	0	1500	1
aefeeb51-bfca-4cb3-9b05-99e6d267d478	unclassified	0	0	0	0	1422	1
19cb7486-4256-4905-b081-c6779d62310d	unclassified	0	0	0	0	1370	1
793f886c-0dd2-43df-8331-421055467a8a	unclassified	0	0	0	0	1540	1
365aecc2-df91-4286-aa87-583401a4d432	unclassified	0	0	0	0	1709	1
6903a60c-059d-4c97-86c3-c6d75d3453c7	unclassified	0	0	0	0	1479	1
c489cc79-796b-483e-8371-ae30a4ddf22e	unclassified	0	0	0	0	1488	1
3a450bab-84f9-49ea-adc4-14454b5d5f34	unclassified	0	0	0	0	1434	1
edb8b1f0-d744-4930-b135-ef4c2adef835	unclassified	0	0	0	0	1509	1
3ea07c37-56b6-4f73-b75b-5b6764eb7921	unclassified	0	0	0	0	2913	1
1a04a890-6e0f-4a6b-b49a-d8e4dd641a25	unclassified	0	0	0	0	1634	1
75234d33-1e8e-4f96-a464-74149b2353e1	unclassified	0	0	0	0	1256	1
1fd15da9-eb70-4c76-bce3-8b75728deb75	unclassified	0	0	0	0	1544	1
a7b4a5a6-643c-4bbc-8098-39666b3999bf	unclassified	0	0	0	0	1454	1
eeafde87-9f58-4571-b8cc-2ed5bbaf0940	unclassified	0	0	0	0	1439	1
a5eb1bf6-d1a9-4713-a7d8-000b4be6f119	unclassified	0	0	0	0	1547	1
35335418-21b2-464d-94f4-dd2eb37855d8	unclassified	0	0	0	0	1514	1
8a264324-b104-42db-88d7-566572917a08	unclassified	0	0	0	0	1293	1
be533b94-0367-4335-8d7f-8dd6a16daf4f	unclassified	0	0	0	0	1184	1
a4065647-83ed-4e8f-a193-07b207268c77	unclassified	0	0	0	0	1447	1
714a5677-d009-496a-bafc-8d961a0b5ed7	unclassified	0	0	0	0	1439	1
5a450983-982f-4041-853e-4176ae0e8512	unclassified	0	0	0	0	1509	1
a9ed2903-4709-41ed-922c-30aeee0f09e1	unclassified	0	0	0	0	1472	1
e1b6e264-a7a4-480e-b53d-b919f704003b	unclassified	0	0	0	0	2964	1
2c2622a0-4d24-4a9a-a0b9-dab0c2a39228	unclassified	0	0	0	0	1501	1
869b65f4-2277-42cc-b000-55eeb38e125a	unclassified	0	0	0	0	1416	1
b61cd165-b654-481c-bfc3-94ed534d7784	unclassified	0	0	0	0	1557	1
feb35136-bb5f-4ac0-a004-3023d288f71b	unclassified	0	0	0	0	1377	1
e3bcc71e-e93f-4090-8613-f613c7d6dda8	unclassified	0	0	0	0	1522	1
b9a5cca1-3a20-40cf-aa7c-a28fab24b1ab	KF843489.1.1384	3331	81	0	24	1484	1
80ba4d00-ca31-4000-91c3-66bc9c06a809	unclassified	0	0	0	0	1536	1
ce1c6740-083e-4ff4-ba97-b099b06e9c80	unclassified	0	0	0	0	5138	1
09bfbe79-8587-472c-89e9-3fd29e445646	unclassified	0	0	0	0	1466	1
b5312d34-6ad7-43ba-a926-73bacdc30c07	unclassified	0	0	0	0	4895	1
62156fce-7dfe-4534-84a9-a37eff12b547	unclassified	0	0	0	0	1493	1
0e72548e-c0ac-4f5a-8777-ca111b2b6f47	unclassified	0	0	0	0	1242	1
9c398b5b-fac6-4d3b-bcb0-9a635eb77b56	unclassified	0	0	0	0	1313	1
84f3011c-979b-45a2-b693-a641f74355b5	unclassified	0	0	0	0	2086	1
a5054c0b-cf91-4673-99ba-b83223508fe4	unclassified	0	0	0	0	1119	1
ac843b71-e9e3-48e2-9192-e140b617d36e	unclassified	0	0	0	0	3016	1
75898280-9397-448d-a026-6350bf558d24	unclassified	0	0	0	0	1536	1
83fef13e-0fee-415c-9afd-606d0f95984c	unclassified	0	0	0	0	1390	1
0eeb2b07-e646-4242-a064-7f2be6a7d401	unclassified	0	0	0	0	1735	1
92fc8850-9eb8-409c-b794-dda9c8b1cdca	unclassified	0	0	0	0	1349	1
c3858214-f8d1-4f2a-a59d-7f68433f6af0	unclassified	0	0	0	0	1776	1
d6d39417-2fbd-46f8-a69f-9274e29a2757	unclassified	0	0	0	0	1490	1
03b7d975-038c-44c6-bee0-5b4d84b74342	unclassified	0	0	0	0	1561	1
a9e4404e-d452-4eb5-a9b7-6c9e3bb51584	unclassified	0	0	0	0	1330	1
73097f9e-2b16-4997-8207-4504e3f976d4	unclassified	0	0	0	0	1408	1
1d0e0680-3339-497d-8a09-30af6a05110f	unclassified	0	0	0	0	1655	1
e588f048-394e-4428-a974-a157514fe8be	unclassified	0	0	0	0	1454	1
96f817b2-0389-40d0-b224-ac7827abf3b8	unclassified	0	0	0	0	1033	1
6d101418-f76e-41a2-bff8-08725c8da07b	unclassified	0	0	0	0	1616	1
7f3240f1-aed5-47a6-8822-387470dd77c1	unclassified	0	0	0	0	1013	1
55521330-7ea8-4d6d-9fa0-33cefb44e19c	unclassified	0	0	0	0	1359	1
0f4451e1-e334-45bc-b6af-f9be83b3664c	unclassified	0	0	0	0	1523	1
4c329bf4-91c1-40e9-83e6-f05893c87d5b	unclassified	0	0	0	0	1455	1
eecef486-3a80-4c15-bcc5-6a4a2da16289	unclassified	0	0	0	0	3006	1
ddf2247c-209d-4fa6-9df4-e09e91b04afc	unclassified	0	0	0	0	1459	1
27ce64d6-628a-4993-a703-b30522b760a4	unclassified	0	0	0	0	1341	1
d1387133-c1d4-4f64-847a-f86a0548b333	unclassified	0	0	0	0	3039	1
e98bc38d-0777-44b6-ad50-c75af084722c	family	26864	81	81	24	1582	5
e98bc38d-0777-44b6-ad50-c75af084722c	family	2229	81	81	24	1582	5
e98bc38d-0777-44b6-ad50-c75af084722c	family	24431	81	81	24	1582	5
e98bc38d-0777-44b6-ad50-c75af084722c	family	3799	81	81	24	1582	5
e98bc38d-0777-44b6-ad50-c75af084722c	order	26341	81	81	24	1582	5
4442e028-e00a-45f5-ae69-1b8fda376189	unclassified	0	0	0	0	1887	1
4d8888ff-1a6b-43a8-8720-ae1cb12f39fd	class	419	64	64	23	1277	4
4d8888ff-1a6b-43a8-8720-ae1cb12f39fd	JX001150.1.1487	0	64	64	23	1277	4
4d8888ff-1a6b-43a8-8720-ae1cb12f39fd	order	1674	64	64	23	1277	4
4d8888ff-1a6b-43a8-8720-ae1cb12f39fd	order	24483	64	64	23	1277	4
68d94a4f-5b78-446e-8324-93a494f6cd89	unclassified	0	0	0	0	1474	1
1ab0f345-7e37-4303-9d11-a4403429799a	unclassified	0	0	0	0	1498	1
9778e618-f0dd-4faa-a8be-8825efbd2cfb	unclassified	0	0	0	0	1545	1
6a51ade0-070e-4a15-a264-7901dd44bc30	unclassified	0	0	0	0	1919	1
0868f0e6-10c2-41aa-9bed-43d9580a7e79	family	25987	100	100	25	1013	5
0868f0e6-10c2-41aa-9bed-43d9580a7e79	family	24431	100	100	25	1013	5
0868f0e6-10c2-41aa-9bed-43d9580a7e79	family	3754	100	100	25	1013	5
0868f0e6-10c2-41aa-9bed-43d9580a7e79	EF515392.1.1398	0	100	100	25	1013	5
0868f0e6-10c2-41aa-9bed-43d9580a7e79	order	1863	100	100	25	1013	5
b6e26382-4ce2-4dab-bf9a-41deebb7bb0a	unclassified	0	0	0	0	1448	1
31f3fc1c-861b-484b-be63-b5823ec23c3e	unclassified	0	0	0	0	1505	1
