	9.1	9.2	8	7	6	5	4	P	3	2	1	N
1174-901-12	0.0	0.0	0.0	0.0	6.0	0.0	6.0	0.0	0.0	0.0	2.0	0.0
28-YEA-48	0.0	0.0	0.0	0.0	0.0	1.0	0.0	0.0	0.0	0.0	0.0	0.0
966-1	2.0	1.0	0.0	0.0	29.0	38.0	12.0	1.0	0.0	13.0	29.0	0.0
A7P-90m	19.0	2.0	0.0	0.0	1.0	2.0	0.0	0.0	0.0	1.0	1.0	0.0
AAP99	16.0	1.0	0.0	0.0	31.0	58.0	152.0	3.0	0.0	8.0	97.0	0.0
ADurb.Bin063-1	0.0	0.0	0.0	0.0	0.0	0.0	0.0	0.0	0.0	0.0	3.0	0.0
AKIW659	0.0	0.0	0.0	0.0	0.0	0.0	0.0	0.0	0.0	0.0	2.0	0.0
AKYG587	13.0	0.0	0.0	0.0	10.0	14.0	63.0	0.0	0.0	2.0	9.0	0.0
AT-s3-44	17.0	1.0	0.0	0.0	3.0	15.0	21.0	0.0	0.0	10.0	4.0	0.0
Abiotrophia	0.0	0.0	0.0	0.0	2.0	0.0	0.0	0.0	0.0	0.0	0.0	0.0
Acanthopleuribacter	0.0	0.0	0.0	0.0	6.0	0.0	1.0	1.0	0.0	1.0	5.0	0.0
Acetanaerobacterium	0.0	0.0	0.0	0.0	5.0	2.0	0.0	1.0	0.0	0.0	1.0	0.0
Acetitomaculum	5.0	0.0	0.0	0.0	0.0	1.0	0.0	0.0	0.0	0.0	0.0	0.0
Acetivibrio	0.0	0.0	0.0	0.0	0.0	0.0	0.0	0.0	0.0	4.0	1.0	0.0
Acetoanaerobium	0.0	0.0	0.0	0.0	1.0	2.0	0.0	0.0	0.0	0.0	2.0	0.0
Acetobacter	0.0	0.0	0.0	0.0	0.0	7.0	0.0	0.0	0.0	0.0	0.0	0.0
Acetobacterium	1.0	0.0	0.0	0.0	5.0	16.0	25.0	0.0	0.0	0.0	22.0	0.0
Acetobacteroides	0.0	0.0	0.0	0.0	8.0	1.0	4.0	0.0	0.0	0.0	2.0	0.0
Acetonema	2.0	0.0	0.0	0.0	0.0	0.0	0.0	0.0	0.0	0.0	0.0	0.0
Achromobacter	2.0	0.0	0.0	0.0	4.0	5.0	33.0	0.0	0.0	0.0	24.0	0.0
Acidaminobacter	24.0	6.0	0.0	0.0	37.0	70.0	116.0	1.0	0.0	10.0	50.0	0.0
Acidaminococcus	9.0	0.0	0.0	0.0	0.0	2.0	0.0	0.0	0.0	0.0	0.0	0.0
Acidibacter	21.0	3.0	0.0	0.0	6.0	7.0	57.0	1.0	0.0	0.0	18.0	22.0
Acidiphilium	0.0	0.0	0.0	0.0	2.0	2.0	0.0	0.0	0.0	0.0	4.0	0.0
Acidithiobacillus	0.0	0.0	0.0	0.0	0.0	0.0	0.0	0.0	0.0	0.0	3.0	0.0
Acidothermus	0.0	0.0	0.0	0.0	0.0	0.0	0.0	1.0	0.0	0.0	0.0	0.0
Acidovorax	206.0	77.0	0.0	0.0	1105.0	1500.0	5854.0	20.0	0.0	399.0	3155.0	57.0
Acinetobacter	18.0	7.0	0.0	0.0	49.0	28.0	40.0	7.0	0.0	15.0	357.0	1.0
Actibacter	1.0	0.0	0.0	0.0	25.0	13.0	0.0	0.0	0.0	0.0	5.0	0.0
Actibacterium	0.0	0.0	0.0	0.0	0.0	0.0	1.0	0.0	0.0	0.0	0.0	0.0
Actimicrobium	0.0	0.0	0.0	0.0	1.0	0.0	1.0	0.0	0.0	0.0	2.0	0.0
Actinobacillus	1.0	0.0	0.0	0.0	0.0	0.0	1.0	1.0	0.0	0.0	0.0	0.0
Actinocorallia	0.0	0.0	0.0	0.0	0.0	1.0	0.0	0.0	0.0	0.0	0.0	0.0
Actinomyces	1.0	2.0	0.0	0.0	0.0	5.0	0.0	0.0	0.0	0.0	6.0	0.0
Actinomycetospora	0.0	0.0	0.0	0.0	0.0	0.0	0.0	0.0	0.0	0.0	1.0	0.0
Actinoplanes	0.0	0.0	0.0	0.0	1.0	4.0	7.0	0.0	0.0	2.0	7.0	0.0
Acuticoccus	0.0	0.0	0.0	0.0	1.0	0.0	0.0	0.0	0.0	0.0	0.0	0.0
Adhaeribacter	0.0	1.0	0.0	0.0	1.0	3.0	4.0	0.0	0.0	1.0	2.0	8.0
Aeribacillus	0.0	0.0	0.0	0.0	0.0	0.0	0.0	0.0	0.0	0.0	1.0	0.0
Aerococcus	0.0	0.0	0.0	0.0	0.0	0.0	0.0	4.0	0.0	0.0	0.0	0.0
Aeromicrobium	0.0	0.0	0.0	0.0	1.0	2.0	0.0	0.0	0.0	1.0	12.0	0.0
Aeromonas	163.0	30.0	0.0	1.0	405.0	212.0	913.0	10.0	0.0	57.0	1272.0	96.0
Aerosphaera	0.0	0.0	0.0	0.0	0.0	0.0	1.0	0.0	0.0	0.0	0.0	0.0
Aestuariimicrobium	0.0	0.0	0.0	0.0	0.0	1.0	0.0	0.0	0.0	0.0	0.0	0.0
Aetherobacter	0.0	0.0	0.0	0.0	0.0	0.0	0.0	0.0	0.0	0.0	3.0	0.0
Afipia	18.0	3.0	0.0	0.0	0.0	1.0	2.0	0.0	0.0	2.0	7.0	2.0
Agaricicola	0.0	0.0	0.0	0.0	0.0	0.0	2.0	0.0	0.0	0.0	2.0	0.0
Agathobacter	29.0	1.0	0.0	0.0	65.0	35.0	1.0	1.0	0.0	12.0	13.0	0.0
Aggregatibacter	0.0	0.0	0.0	0.0	1.0	0.0	0.0	2.0	0.0	0.0	0.0	0.0
Agreia	0.0	0.0	0.0	0.0	0.0	0.0	0.0	0.0	0.0	0.0	1.0	0.0
Agromyces	0.0	0.0	0.0	0.0	2.0	0.0	1.0	0.0	0.0	0.0	2.0	0.0
Akkermansia	0.0	0.0	0.0	0.0	0.0	1.0	0.0	0.0	0.0	0.0	0.0	0.0
Albidovulum	0.0	0.0	0.0	0.0	0.0	0.0	0.0	0.0	0.0	1.0	0.0	0.0
Alcaligenes	0.0	0.0	0.0	0.0	0.0	1.0	0.0	0.0	0.0	0.0	4.0	0.0
Alcanivorax	0.0	1.0	0.0	0.0	0.0	0.0	4.0	1.0	0.0	0.0	4.0	0.0
Algibacter	0.0	0.0	0.0	0.0	0.0	1.0	0.0	0.0	0.0	0.0	0.0	0.0
Algoriphagus	544.0	114.0	2.0	0.0	208.0	123.0	104.0	3.0	0.0	13.0	50.0	0.0
Alicycliphilus	0.0	0.0	0.0	0.0	3.0	7.0	0.0	0.0	0.0	0.0	8.0	0.0
Alicyclobacillus	0.0	0.0	0.0	0.0	0.0	0.0	0.0	1.0	0.0	1.0	1.0	0.0
Aliidongia	0.0	0.0	0.0	0.0	0.0	0.0	2.0	0.0	0.0	1.0	0.0	0.0
Aliihoeflea	0.0	0.0	0.0	0.0	0.0	0.0	1.0	0.0	0.0	0.0	0.0	0.0
Aliivibrio	0.0	0.0	0.0	0.0	0.0	0.0	0.0	1.0	0.0	0.0	0.0	0.0
Alishewanella	0.0	0.0	0.0	0.0	0.0	0.0	1.0	0.0	0.0	0.0	3.0	0.0
Alistipes	2.0	2.0	0.0	0.0	4.0	7.0	1.0	0.0	0.0	3.0	2.0	0.0
Aliterella CENA595	2.0	0.0	0.0	0.0	4.0	33.0	44.0	0.0	0.0	0.0	0.0	0.0
Alkalibacter	0.0	0.0	0.0	0.0	0.0	2.0	14.0	0.0	0.0	0.0	1.0	0.0
Alkalimarinus	1.0	0.0	0.0	0.0	0.0	0.0	1.0	0.0	0.0	0.0	0.0	0.0
Alkaliphilus	0.0	0.0	0.0	0.0	0.0	4.0	5.0	0.0	0.0	0.0	2.0	0.0
Alkalitalea	0.0	0.0	0.0	0.0	0.0	0.0	0.0	0.0	0.0	1.0	0.0	0.0
Alkanibacter	0.0	0.0	0.0	0.0	6.0	8.0	20.0	0.0	0.0	10.0	60.0	0.0
Alkanindiges	1.0	0.0	0.0	0.0	2.0	0.0	6.0	0.0	0.0	0.0	17.0	0.0
Allobaculum	0.0	0.0	0.0	0.0	0.0	0.0	1.0	1.0	0.0	0.0	0.0	0.0
Allochromatium	0.0	0.0	0.0	0.0	0.0	1.0	0.0	0.0	0.0	0.0	1.0	0.0
Alloiococcus	0.0	0.0	0.0	0.0	0.0	0.0	0.0	5.0	0.0	0.0	0.0	0.0
Alloprevotella	0.0	0.0	0.0	0.0	0.0	0.0	1.0	0.0	0.0	0.0	0.0	0.0
Allorhizobium-Neorhizobium-Pararhizobium-Rhizobium	73.0	28.0	0.0	0.0	381.0	273.0	2582.0	7.0	0.0	225.0	408.0	6.0
Alpinimonas	0.0	0.0	0.0	0.0	0.0	0.0	0.0	0.0	0.0	1.0	1.0	0.0
Alsobacter	323.0	28.0	0.0	1.0	147.0	47.0	52.0	1.0	0.0	0.0	2.0	0.0
Altererythrobacter	352.0	37.0	0.0	1.0	296.0	232.0	504.0	1.0	0.0	152.0	132.0	5.0
Alterococcus	0.0	0.0	0.0	0.0	1.0	0.0	0.0	1.0	0.0	0.0	0.0	0.0
Alysiella	0.0	0.0	0.0	0.0	0.0	0.0	1.0	0.0	0.0	0.0	0.0	0.0
Amaricoccus	46.0	7.0	0.0	0.0	22.0	14.0	80.0	0.0	0.0	23.0	19.0	0.0
Aminobacter	16.0	1.0	0.0	0.0	30.0	15.0	149.0	0.0	0.0	3.0	26.0	0.0
Amphiplicatus	0.0	0.0	0.0	0.0	0.0	1.0	1.0	0.0	0.0	0.0	3.0	0.0
Ampullimonas	0.0	0.0	0.0	0.0	2.0	0.0	5.0	0.0	0.0	0.0	8.0	0.0
Amylibacter	0.0	0.0	0.0	0.0	1.0	0.0	0.0	0.0	0.0	0.0	0.0	0.0
Anaerobacterium	6.0	2.0	0.0	0.0	3.0	24.0	15.0	0.0	0.0	2.0	3.0	0.0
Anaerobiospirillum	0.0	0.0	0.0	0.0	0.0	1.0	7.0	0.0	0.0	1.0	7.0	0.0
Anaerobium	1.0	0.0	0.0	0.0	1.0	0.0	0.0	0.0	0.0	0.0	0.0	0.0
Anaerocella	0.0	0.0	0.0	0.0	1.0	2.0	0.0	0.0	0.0	0.0	3.0	0.0
Anaerococcus	0.0	0.0	0.0	0.0	0.0	0.0	0.0	1.0	0.0	0.0	0.0	0.0
Anaerocolumna	1.0	0.0	0.0	0.0	20.0	27.0	22.0	1.0	0.0	1.0	12.0	0.0
Anaerofilum	0.0	0.0	0.0	0.0	0.0	1.0	18.0	0.0	0.0	0.0	5.0	0.0
Anaerofustis	0.0	0.0	0.0	0.0	0.0	0.0	2.0	0.0	0.0	0.0	0.0	0.0
Anaeromyxobacter	3.0	0.0	0.0	0.0	10.0	15.0	13.0	0.0	0.0	0.0	6.0	1.0
Anaerosalibacter	0.0	0.0	0.0	0.0	2.0	2.0	0.0	0.0	0.0	0.0	0.0	0.0
Anaerosinus	0.0	0.0	0.0	0.0	15.0	22.0	6.0	0.0	0.0	1.0	3.0	0.0
Anaerospora	0.0	0.0	0.0	0.0	5.0	4.0	21.0	0.0	0.0	0.0	1.0	0.0
Anaerosporobacter	0.0	0.0	0.0	0.0	10.0	17.0	17.0	0.0	0.0	0.0	0.0	0.0
Anaerosporomusa	0.0	0.0	0.0	0.0	7.0	4.0	14.0	0.0	0.0	0.0	2.0	0.0
Anaerostipes	1.0	0.0	0.0	0.0	23.0	10.0	0.0	0.0	0.0	0.0	1.0	0.0
Anaerotruncus	0.0	0.0	0.0	0.0	0.0	0.0	0.0	0.0	0.0	0.0	1.0	0.0
Anaerovibrio	6.0	1.0	0.0	0.0	1.0	5.0	0.0	1.0	0.0	0.0	3.0	0.0
Anaerovorax	12.0	2.0	0.0	0.0	29.0	44.0	44.0	1.0	0.0	5.0	18.0	0.0
Anaplasma	0.0	0.0	0.0	0.0	1.0	0.0	0.0	0.0	0.0	0.0	0.0	0.0
Ancalomicrobium	3.0	0.0	0.0	0.0	0.0	6.0	39.0	0.0	0.0	0.0	2.0	0.0
Ancylobacter	2.0	0.0	0.0	0.0	7.0	7.0	41.0	0.0	0.0	71.0	7.0	0.0
Andreprevotia	0.0	0.0	0.0	0.0	0.0	0.0	1.0	0.0	0.0	0.0	0.0	0.0
Angelakisella	0.0	0.0	0.0	0.0	0.0	0.0	0.0	0.0	0.0	1.0	1.0	0.0
Angulomicrobium	0.0	0.0	0.0	0.0	0.0	3.0	0.0	0.0	0.0	0.0	0.0	0.0
Angustibacter	0.0	0.0	0.0	0.0	0.0	0.0	0.0	0.0	0.0	0.0	1.0	0.0
Anoxybacillus	0.0	0.0	0.0	0.0	7.0	2.0	0.0	4.0	0.0	0.0	0.0	0.0
Aphanizomenon NIES81	0.0	0.0	0.0	0.0	0.0	0.0	3.0	0.0	0.0	0.0	0.0	0.0
Apibacter	0.0	0.0	0.0	0.0	0.0	0.0	0.0	0.0	0.0	1.0	0.0	0.0
AqS1	0.0	0.0	0.0	0.0	0.0	1.0	0.0	0.0	0.0	0.0	0.0	0.0
Aquabacterium	266.0	66.0	0.0	1.0	2481.0	1800.0	4496.0	27.0	2.0	451.0	4504.0	153.0
Aquamicrobium	10.0	0.0	0.0	0.0	1.0	0.0	0.0	1.0	0.0	0.0	0.0	0.0
Aquaspirillum	30.0	6.0	0.0	0.0	29.0	29.0	18.0	0.0	0.0	0.0	55.0	0.0
Aquicella	39.0	2.0	0.0	0.0	48.0	45.0	76.0	1.0	0.0	13.0	63.0	0.0
Aquimonas	0.0	2.0	0.0	0.0	19.0	39.0	35.0	1.0	0.0	10.0	97.0	0.0
Aquincola	0.0	0.0	0.0	0.0	0.0	1.0	0.0	0.0	0.0	0.0	1.0	0.0
Aquisphaera	0.0	0.0	0.0	0.0	6.0	6.0	15.0	0.0	0.0	1.0	10.0	0.0
Aquitalea	1.0	0.0	0.0	0.0	1.0	4.0	3.0	0.0	0.0	0.0	2.0	0.0
Arcicella	2.0	0.0	0.0	0.0	14.0	28.0	1.0	0.0	0.0	0.0	30.0	0.0
Arcobacter	30976.0	6204.0	8.0	3.0	5894.0	7633.0	2825.0	105.0	5.0	587.0	5069.0	1112.0
Arcticibacter	0.0	0.0	0.0	0.0	0.0	1.0	1.0	0.0	0.0	0.0	0.0	0.0
Arenimonas	419.0	69.0	1.0	0.0	2496.0	1813.0	2751.0	24.0	0.0	255.0	2542.0	88.0
Armatimonas	4221.0	419.0	2.0	4.0	8424.0	5087.0	2757.0	57.0	2.0	26.0	127.0	147.0
Arsenicitalea	0.0	0.0	0.0	0.0	0.0	1.0	1.0	0.0	0.0	0.0	1.0	0.0
Arsenophonus	0.0	0.0	0.0	0.0	5.0	3.0	11.0	0.0	0.0	0.0	13.0	0.0
Arthrobacter	0.0	0.0	0.0	0.0	1.0	5.0	3.0	0.0	0.0	0.0	0.0	0.0
Asaia	0.0	0.0	0.0	0.0	5.0	2.0	0.0	0.0	0.0	1.0	0.0	0.0
Asticcacaulis	2.0	0.0	0.0	0.0	5.0	2.0	42.0	0.0	0.0	4.0	17.0	0.0
Atlantibacter	0.0	0.0	0.0	0.0	0.0	0.0	0.0	12.0	0.0	0.0	1.0	0.0
Atopobium	0.0	0.0	0.0	0.0	1.0	2.0	0.0	0.0	0.0	0.0	0.0	0.0
Atopococcus	0.0	0.0	0.0	0.0	4.0	8.0	1.0	1.0	0.0	1.0	7.0	0.0
Aurantimicrobium	550.0	63.0	0.0	5.0	1063.0	1264.0	2013.0	19.0	0.0	449.0	1668.0	230.0
Aurantimonas	0.0	1.0	0.0	0.0	0.0	0.0	0.0	0.0	0.0	0.0	0.0	0.0
Aureibacillus	0.0	0.0	0.0	0.0	0.0	0.0	0.0	1.0	0.0	0.0	0.0	0.0
Aureimonas	16.0	0.0	0.0	0.0	2.0	14.0	13.0	1.0	0.0	3.0	2.0	0.0
Aureispira	0.0	0.0	0.0	0.0	0.0	1.0	0.0	0.0	0.0	0.0	0.0	0.0
Azoarcus	0.0	0.0	0.0	0.0	4.0	4.0	14.0	0.0	0.0	0.0	11.0	0.0
Azohydromonas	0.0	0.0	0.0	0.0	2.0	6.0	0.0	0.0	0.0	0.0	0.0	0.0
Azonexus	0.0	1.0	0.0	0.0	1.0	1.0	7.0	0.0	0.0	1.0	15.0	0.0
Azorhizobium	0.0	0.0	0.0	0.0	0.0	0.0	6.0	1.0	0.0	3.0	3.0	0.0
Azospira	5.0	0.0	0.0	0.0	59.0	59.0	112.0	1.0	0.0	23.0	133.0	0.0
Azospirillum	6.0	1.0	0.0	0.0	32.0	33.0	140.0	0.0	0.0	37.0	45.0	0.0
Azovibrio	0.0	0.0	0.0	0.0	9.0	12.0	1.0	0.0	0.0	4.0	4.0	0.0
BCf9-17 termite group	0.0	0.0	0.0	0.0	0.0	0.0	0.0	0.0	0.0	0.0	5.0	0.0
BD1-7 clade	24.0	5.0	0.0	0.0	66.0	71.0	334.0	5.0	0.0	23.0	319.0	317.0
BIyi10	1.0	0.0	0.0	0.0	5.0	4.0	1.0	0.0	0.0	8.0	34.0	0.0
BRH-c8a	0.0	0.0	0.0	0.0	0.0	1.0	0.0	0.0	0.0	0.0	0.0	0.0
BSV13	25.0	0.0	0.0	0.0	44.0	48.0	92.0	1.0	0.0	0.0	45.0	0.0
Bacillus	73.0	14.0	8.0	2.0	503.0	677.0	888.0	200167.0	0.0	75.0	344.0	42.0
Bact-08	0.0	0.0	0.0	0.0	10.0	0.0	3.0	0.0	0.0	0.0	9.0	0.0
Bacteriovorax	5.0	3.0	0.0	0.0	39.0	37.0	57.0	0.0	0.0	1.0	45.0	0.0
Bacteroides	31.0	9.0	0.0	0.0	19.0	45.0	49.0	0.0	0.0	11.0	57.0	0.0
Barnesiella	0.0	0.0	0.0	0.0	0.0	0.0	0.0	0.0	0.0	0.0	1.0	0.0
Bartonella	0.0	0.0	0.0	0.0	0.0	1.0	0.0	0.0	0.0	0.0	0.0	0.0
Bauldia	26.0	8.0	0.0	0.0	61.0	29.0	218.0	2.0	0.0	29.0	62.0	1.0
Bdellovibrio	0.0	0.0	0.0	0.0	0.0	1.0	0.0	0.0	0.0	0.0	0.0	0.0
Beggiatoa	0.0	0.0	0.0	0.0	0.0	0.0	0.0	0.0	0.0	0.0	3.0	0.0
Beijerinckia	0.0	0.0	0.0	0.0	0.0	0.0	0.0	0.0	0.0	0.0	1.0	0.0
Bellilinea	0.0	0.0	0.0	0.0	0.0	0.0	2.0	0.0	0.0	0.0	0.0	0.0
Belnapia	0.0	0.0	0.0	0.0	6.0	0.0	0.0	0.0	0.0	0.0	0.0	0.0
Bergeyella	0.0	0.0	0.0	0.0	0.0	0.0	0.0	0.0	0.0	0.0	2.0	0.0
Bibersteinia	0.0	0.0	0.0	0.0	0.0	0.0	0.0	1.0	0.0	0.0	0.0	0.0
Bifidobacterium	0.0	0.0	0.0	0.0	0.0	1.0	0.0	0.0	0.0	0.0	1.0	0.0
Biostraticola	0.0	0.0	0.0	0.0	1.0	0.0	1.0	0.0	0.0	0.0	0.0	0.0
Blastochloris	0.0	0.0	0.0	0.0	0.0	2.0	0.0	0.0	0.0	0.0	2.0	0.0
Blastococcus	0.0	0.0	0.0	0.0	1.0	0.0	0.0	0.0	0.0	0.0	3.0	0.0
Blastomonas	1.0	0.0	0.0	0.0	17.0	5.0	8.0	0.0	0.0	11.0	10.0	0.0
Blastopirellula	0.0	0.0	0.0	0.0	12.0	4.0	17.0	0.0	0.0	0.0	9.0	0.0
Blautia	24.0	2.0	0.0	0.0	79.0	101.0	61.0	1.0	0.0	27.0	41.0	0.0
Blvii28 wastewater-sludge group	3.0	0.0	0.0	0.0	4.0	3.0	0.0	0.0	0.0	3.0	2.0	0.0
Bordetella	0.0	0.0	0.0	0.0	0.0	3.0	4.0	0.0	0.0	0.0	4.0	0.0
Bosea	13.0	10.0	0.0	0.0	41.0	29.0	87.0	0.0	0.0	32.0	32.0	0.0
Brachymonas	2.0	0.0	0.0	0.0	7.0	8.0	0.0	0.0	0.0	2.0	24.0	0.0
Bradyrhizobium	87.0	1.0	0.0	0.0	138.0	64.0	200.0	2.0	0.0	35.0	75.0	1961.0
Brassicibacter	0.0	0.0	0.0	0.0	1.0	0.0	0.0	0.0	0.0	0.0	0.0	0.0
Brenneria	0.0	0.0	0.0	0.0	0.0	1.0	6.0	1.0	0.0	1.0	2.0	0.0
Brevibacillus	1.0	0.0	0.0	0.0	1.0	2.0	4.0	0.0	0.0	0.0	1.0	0.0
Brevibacterium	0.0	0.0	0.0	0.0	0.0	0.0	0.0	0.0	0.0	1.0	0.0	0.0
Brevinema	0.0	0.0	0.0	0.0	0.0	0.0	3.0	0.0	0.0	0.0	0.0	0.0
Brevundimonas	34.0	1.0	0.0	0.0	74.0	59.0	45.0	4.0	0.0	22.0	43.0	0.0
Brooklawnia	0.0	0.0	0.0	0.0	0.0	8.0	0.0	0.0	0.0	0.0	0.0	0.0
Brucella	0.0	0.0	0.0	0.0	0.0	0.0	0.0	0.0	0.0	0.0	1.0	0.0
Bryobacter	0.0	0.0	0.0	0.0	8.0	5.0	46.0	2.0	0.0	0.0	6.0	0.0
Bryocella	0.0	0.0	0.0	0.0	0.0	0.0	5.0	0.0	0.0	0.0	0.0	0.0
Buchnera	0.0	0.0	0.0	0.0	0.0	0.0	0.0	3.0	0.0	0.0	0.0	0.0
Budvicia	0.0	0.0	0.0	0.0	3.0	2.0	36.0	0.0	0.0	1.0	10.0	0.0
Burkholderia-Caballeronia-Paraburkholderia	0.0	0.0	0.0	0.0	1.0	2.0	5.0	0.0	0.0	1.0	3.0	0.0
Buttiauxella	1.0	0.0	0.0	0.0	24.0	5.0	103.0	14.0	0.0	6.0	129.0	0.0
Butyricicoccus	0.0	0.0	0.0	0.0	6.0	8.0	10.0	0.0	0.0	0.0	1.0	0.0
Butyrivibrio 2	3.0	0.0	0.0	0.0	0.0	1.0	0.0	0.0	0.0	0.0	0.0	0.0
Byssovorax	0.0	0.0	0.0	0.0	0.0	1.0	0.0	0.0	0.0	0.0	0.0	0.0
C1-B045	0.0	0.0	0.0	0.0	6.0	1.0	0.0	0.0	0.0	0.0	3.0	0.0
C39	121.0	29.0	0.0	0.0	116.0	135.0	254.0	2.0	0.0	39.0	237.0	26.0
CAG-56	0.0	0.0	0.0	0.0	1.0	5.0	0.0	0.0	0.0	0.0	0.0	0.0
CK06-06-Mud-MAS4B-21	0.0	0.0	0.0	0.0	2.0	0.0	0.0	0.0	0.0	0.0	0.0	0.0
CL500-29 marine group	751.0	109.0	0.0	1.0	281.0	211.0	320.0	3.0	1.0	51.0	89.0	3.0
CL500-3	2.0	0.0	0.0	0.0	11.0	2.0	24.0	0.0	0.0	12.0	5.0	0.0
CM1G08	2.0	0.0	0.0	0.0	52.0	46.0	96.0	0.0	0.0	6.0	43.0	0.0
Caedibacter	2.0	0.0	0.0	0.0	0.0	2.0	5.0	0.0	0.0	0.0	8.0	0.0
Caenimonas	14.0	7.0	0.0	0.0	95.0	101.0	125.0	0.0	0.0	7.0	140.0	0.0
Caldicoprobacter	0.0	0.0	0.0	0.0	1.0	4.0	9.0	0.0	0.0	0.0	0.0	0.0
Caldimonas	0.0	0.0	0.0	0.0	0.0	0.0	1.0	0.0	0.0	0.0	0.0	0.0
Caldisericum	0.0	0.0	0.0	0.0	2.0	1.0	1.0	0.0	0.0	0.0	0.0	0.0
Calothrix KVSF5	0.0	0.0	0.0	0.0	20.0	30.0	50.0	0.0	0.0	7.0	30.0	0.0
Campylobacter	5.0	0.0	0.0	0.0	34.0	46.0	38.0	0.0	0.0	0.0	16.0	0.0
Candidatus Accumulibacter	16.0	7.0	0.0	0.0	130.0	143.0	119.0	2.0	0.0	26.0	206.0	0.0
Candidatus Actinomarina	0.0	0.0	0.0	0.0	0.0	0.0	0.0	1.0	0.0	0.0	0.0	0.0
Candidatus Alysiosphaera	29.0	6.0	0.0	0.0	27.0	21.0	22.0	1.0	0.0	24.0	17.0	0.0
Candidatus Amoebophilus	1.0	0.0	0.0	0.0	10.0	1.0	5.0	0.0	0.0	0.0	6.0	0.0
Candidatus Anadelfobacter	0.0	0.0	0.0	0.0	0.0	0.0	1.0	0.0	0.0	0.0	0.0	0.0
Candidatus Aquiluna	516.0	33.0	0.0	1.0	1072.0	834.0	1014.0	10.0	0.0	635.0	2547.0	323.0
Candidatus Aquirestis	2.0	1.0	0.0	0.0	183.0	65.0	0.0	0.0	0.0	1.0	6.0	0.0
Candidatus Arthromitus	0.0	0.0	0.0	0.0	1.0	0.0	0.0	0.0	0.0	0.0	0.0	0.0
Candidatus Babela	0.0	0.0	0.0	0.0	1.0	0.0	0.0	0.0	0.0	0.0	0.0	0.0
Candidatus Bacilloplasma	0.0	0.0	0.0	0.0	1.0	2.0	0.0	0.0	0.0	0.0	5.0	0.0
Candidatus Bealeia	25.0	6.0	0.0	0.0	5.0	11.0	1.0	0.0	0.0	2.0	19.0	0.0
Candidatus Benitsuchiphilus	0.0	0.0	0.0	0.0	0.0	0.0	0.0	1.0	0.0	0.0	0.0	0.0
Candidatus Berkiella	3.0	2.0	0.0	0.0	18.0	18.0	10.0	0.0	0.0	5.0	36.0	4.0
Candidatus Blochmannia	0.0	0.0	0.0	0.0	0.0	0.0	0.0	1.0	0.0	0.0	0.0	0.0
Candidatus Brocadia	0.0	0.0	0.0	0.0	0.0	0.0	6.0	0.0	0.0	0.0	0.0	0.0
Candidatus Captivus	30.0	0.0	0.0	0.0	11.0	9.0	12.0	0.0	0.0	2.0	6.0	0.0
Candidatus Competibacter	4.0	0.0	0.0	0.0	18.0	11.0	11.0	0.0	0.0	0.0	1.0	0.0
Candidatus Contendobacter	1.0	0.0	0.0	0.0	0.0	2.0	0.0	0.0	0.0	0.0	0.0	0.0
Candidatus Defluviella	0.0	0.0	0.0	0.0	0.0	1.0	0.0	0.0	0.0	0.0	0.0	0.0
Candidatus Endoecteinascidia	12.0	2.0	0.0	0.0	9.0	25.0	50.0	0.0	0.0	16.0	18.0	0.0
Candidatus Endomicrobium	3.0	0.0	0.0	0.0	3.0	9.0	0.0	0.0	0.0	0.0	4.0	0.0
Candidatus Endonucleariobacter	0.0	0.0	0.0	0.0	1.0	2.0	1.0	0.0	0.0	0.0	0.0	0.0
Candidatus Finniella	0.0	0.0	0.0	0.0	7.0	6.0	18.0	0.0	0.0	1.0	7.0	0.0
Candidatus Flaviluna	0.0	0.0	0.0	0.0	16.0	13.0	10.0	0.0	0.0	1.0	21.0	0.0
Candidatus Gortzia	0.0	0.0	0.0	0.0	1.0	1.0	0.0	0.0	0.0	1.0	4.0	0.0
Candidatus Hamiltonella	0.0	0.0	0.0	0.0	0.0	0.0	2.0	0.0	0.0	0.0	0.0	0.0
Candidatus Jidaibacter	0.0	0.0	0.0	0.0	3.0	7.0	11.0	0.0	0.0	1.0	2.0	0.0
Candidatus Kuenenia	0.0	0.0	0.0	0.0	0.0	0.0	1.0	0.0	0.0	0.0	0.0	0.0
Candidatus Lariskella	0.0	0.0	0.0	0.0	0.0	0.0	3.0	0.0	0.0	0.0	2.0	0.0
Candidatus Limnoluna	57.0	11.0	0.0	0.0	95.0	115.0	58.0	2.0	0.0	5.0	463.0	0.0
Candidatus Lumbricincola	0.0	0.0	0.0	0.0	1.0	0.0	0.0	0.0	0.0	0.0	0.0	0.0
Candidatus Megaira	73.0	12.0	1.0	0.0	43.0	23.0	29.0	1.0	0.0	4.0	17.0	0.0
Candidatus Methylomirabilis	0.0	0.0	0.0	0.0	14.0	39.0	48.0	0.0	0.0	0.0	46.0	5.0
Candidatus Methylopumilus	106.0	21.0	0.0	0.0	992.0	859.0	245.0	18.0	1.0	9.0	339.0	2.0
Candidatus Methylospira	0.0	0.0	0.0	0.0	0.0	0.0	0.0	0.0	0.0	0.0	1.0	0.0
Candidatus Microthrix	0.0	0.0	0.0	0.0	0.0	0.0	0.0	0.0	0.0	3.0	0.0	0.0
Candidatus Midichloria	0.0	0.0	0.0	0.0	7.0	0.0	0.0	0.0	0.0	0.0	0.0	0.0
Candidatus Nitrotoga	0.0	0.0	0.0	0.0	18.0	21.0	22.0	0.0	0.0	0.0	28.0	1.0
Candidatus Nostocoida	0.0	0.0	0.0	0.0	3.0	1.0	0.0	0.0	0.0	0.0	0.0	0.0
Candidatus Nucleicultrix	2.0	0.0	0.0	0.0	1.0	1.0	2.0	0.0	0.0	0.0	0.0	0.0
Candidatus Odyssella	26.0	0.0	0.0	0.0	0.0	0.0	0.0	0.0	0.0	0.0	0.0	0.0
Candidatus Omnitrophus	23.0	1.0	0.0	0.0	265.0	321.0	265.0	7.0	0.0	20.0	64.0	0.0
Candidatus Ovatusbacter	5.0	0.0	0.0	0.0	15.0	9.0	54.0	0.0	0.0	8.0	43.0	0.0
Candidatus Paracaedibacter	67.0	10.0	0.0	0.0	13.0	20.0	50.0	1.0	0.0	24.0	34.0	0.0
Candidatus Piscichlamydia	0.0	0.0	0.0	0.0	1.0	0.0	0.0	0.0	0.0	0.0	0.0	0.0
Candidatus Planktoluna	307.0	37.0	0.0	0.0	501.0	338.0	412.0	8.0	0.0	163.0	500.0	0.0
Candidatus Planktophila	504.0	66.0	0.0	0.0	233.0	191.0	350.0	3.0	0.0	5.0	37.0	1.0
Candidatus Protochlamydia	1.0	0.0	0.0	0.0	0.0	0.0	0.0	0.0	0.0	0.0	0.0	0.0
Candidatus Regiella	0.0	0.0	0.0	0.0	0.0	0.0	3.0	1.0	0.0	0.0	3.0	0.0
Candidatus Riegeria	0.0	0.0	0.0	0.0	1.0	0.0	0.0	0.0	0.0	0.0	0.0	0.0
Candidatus Riesia	0.0	0.0	0.0	0.0	0.0	0.0	0.0	1.0	0.0	0.0	0.0	0.0
Candidatus Schmidhempelia	0.0	0.0	0.0	0.0	0.0	0.0	1.0	0.0	0.0	0.0	2.0	0.0
Candidatus Soleaferrea	16.0	3.0	0.0	0.0	0.0	1.0	1.0	0.0	0.0	0.0	0.0	0.0
Candidatus Solibacter	0.0	0.0	0.0	0.0	2.0	1.0	3.0	0.0	0.0	0.0	0.0	0.0
Candidatus Symbiobacter	32.0	9.0	0.0	0.0	522.0	746.0	277.0	13.0	0.0	56.0	773.0	5.0
Candidatus Tenderia	0.0	0.0	0.0	0.0	2.0	1.0	0.0	0.0	0.0	0.0	0.0	0.0
Candidatus Thiobios	0.0	0.0	0.0	0.0	0.0	0.0	0.0	0.0	0.0	1.0	0.0	0.0
Candidatus Thiodiazotropha	0.0	0.0	0.0	0.0	0.0	1.0	0.0	0.0	0.0	0.0	0.0	0.0
Candidatus Tokpelaia	0.0	0.0	0.0	0.0	0.0	0.0	0.0	0.0	0.0	0.0	2.0	0.0
Candidatus Trichorickettsia	0.0	0.0	0.0	0.0	0.0	0.0	1.0	0.0	0.0	0.0	0.0	0.0
Candidatus Turbabacter	0.0	0.0	0.0	0.0	0.0	1.0	0.0	0.0	0.0	0.0	0.0	0.0
Candidatus Udaeobacter	0.0	0.0	0.0	0.0	0.0	1.0	0.0	0.0	0.0	0.0	0.0	0.0
Candidatus Xenohaliotis	2.0	0.0	0.0	0.0	0.0	0.0	0.0	0.0	0.0	0.0	0.0	0.0
Caproiciproducens	0.0	0.0	0.0	0.0	7.0	5.0	40.0	0.0	0.0	7.0	7.0	0.0
Carboxylicivirga	5.0	0.0	0.0	0.0	2.0	1.0	0.0	0.0	0.0	3.0	2.0	0.0
Carnobacterium	0.0	0.0	0.0	0.0	14.0	2.0	0.0	5.0	0.0	0.0	0.0	0.0
Caryophanon	0.0	0.0	0.0	0.0	1.0	0.0	0.0	0.0	0.0	0.0	1.0	0.0
Castellaniella	3.0	2.0	0.0	0.0	1.0	1.0	0.0	0.0	0.0	0.0	0.0	0.0
Catellicoccus	0.0	0.0	0.0	0.0	10.0	15.0	0.0	0.0	0.0	0.0	0.0	0.0
Catenibacterium	0.0	0.0	0.0	0.0	2.0	2.0	0.0	0.0	0.0	0.0	0.0	0.0
Catenuloplanes	0.0	0.0	0.0	0.0	0.0	1.0	0.0	0.0	0.0	0.0	0.0	0.0
Caulobacter	121.0	18.0	0.0	0.0	204.0	97.0	707.0	0.0	0.0	114.0	115.0	0.0
Cavicella	0.0	0.0	0.0	0.0	0.0	0.0	0.0	0.0	0.0	6.0	29.0	0.0
Cedecea	0.0	0.0	0.0	0.0	2.0	5.0	27.0	6.0	0.0	1.0	12.0	0.0
Cellulomonas	1.0	0.0	0.0	0.0	0.0	0.0	0.0	0.0	0.0	0.0	1.0	0.0
Cellulosibacter	0.0	0.0	0.0	0.0	0.0	1.0	0.0	0.0	0.0	0.0	0.0	0.0
Cellulosilyticum	1.0	0.0	0.0	0.0	2.0	2.0	9.0	0.0	0.0	0.0	0.0	0.0
Cellvibrio	41.0	1.0	1.0	0.0	13.0	29.0	472.0	0.0	0.0	11.0	134.0	0.0
Cephaloticoccus	3.0	0.0	0.0	0.0	14.0	29.0	25.0	0.0	0.0	1.0	14.0	1.0
Cerasicoccus	12.0	1.0	0.0	0.0	15.0	8.0	26.0	0.0	0.0	0.0	5.0	1.0
Cereibacter	4.0	0.0	0.0	0.0	13.0	21.0	56.0	1.0	0.0	6.0	27.0	0.0
Cetobacterium	6.0	0.0	1.0	0.0	12.0	16.0	11.0	1.0	1.0	0.0	2.0	0.0
Chalicogloea CCALA 975	0.0	0.0	0.0	0.0	4.0	0.0	0.0	0.0	0.0	0.0	0.0	0.0
Chamaesiphon PCC-7430	0.0	0.0	0.0	0.0	4.0	7.0	2.0	0.0	0.0	2.0	5.0	0.0
Chelatococcus	1.0	0.0	0.0	0.0	0.0	2.0	0.0	0.0	0.0	5.0	0.0	0.0
Chelonobacter	0.0	0.0	0.0	0.0	0.0	1.0	0.0	0.0	0.0	0.0	0.0	0.0
Chiayiivirga	3.0	0.0	0.0	0.0	0.0	0.0	0.0	0.0	0.0	0.0	5.0	0.0
Chitinibacter	15.0	2.0	0.0	0.0	70.0	68.0	439.0	5.0	0.0	35.0	226.0	0.0
Chitinilyticum	3.0	0.0	0.0	0.0	5.0	6.0	18.0	0.0	0.0	12.0	39.0	0.0
Chitinimonas	4.0	0.0	0.0	0.0	12.0	25.0	22.0	1.0	0.0	8.0	62.0	0.0
Chitiniphilus	0.0	0.0	0.0	0.0	0.0	0.0	2.0	0.0	0.0	0.0	0.0	0.0
Chitinivorax	38.0	4.0	0.0	1.0	85.0	78.0	12.0	2.0	0.0	3.0	9.0	0.0
Chitinophaga	1.0	0.0	0.0	0.0	2.0	8.0	2.0	0.0	0.0	1.0	23.0	0.0
Chlorobium	0.0	0.0	0.0	0.0	0.0	0.0	0.0	0.0	0.0	0.0	1.0	0.0
Christensenellaceae R-7 group	35.0	1.0	0.0	0.0	105.0	129.0	160.0	4.0	0.0	22.0	107.0	0.0
Chromatium	0.0	0.0	0.0	0.0	0.0	1.0	0.0	0.0	0.0	0.0	0.0	0.0
Chromobacterium	2.0	0.0	0.0	0.0	9.0	12.0	1.0	0.0	0.0	5.0	10.0	0.0
Chroococcidiopsis PCC-6712	0.0	0.0	0.0	0.0	15.0	11.0	0.0	0.0	0.0	0.0	0.0	0.0
Chryseobacterium	23.0	3.0	0.0	0.0	6.0	2.0	18.0	0.0	0.0	3.0	10.0	0.0
Chryseoglobus	0.0	0.0	0.0	0.0	0.0	5.0	2.0	0.0	0.0	0.0	1.0	0.0
Chryseolinea	4.0	0.0	0.0	0.0	6.0	2.0	0.0	0.0	0.0	0.0	10.0	0.0
Chryseomicrobium	0.0	0.0	0.0	0.0	1.0	0.0	26.0	0.0	0.0	0.0	4.0	0.0
Chthonobacter	9.0	2.0	0.0	0.0	31.0	16.0	82.0	0.0	0.0	3.0	20.0	0.0
Chthonomonas	0.0	0.0	0.0	0.0	0.0	0.0	1.0	0.0	0.0	0.0	0.0	0.0
Chungangia	0.0	0.0	0.0	0.0	1.0	1.0	0.0	0.0	0.0	0.0	0.0	0.0
Ciceribacter	0.0	0.0	0.0	0.0	0.0	1.0	1.0	0.0	0.0	2.0	0.0	0.0
Citreitalea	0.0	0.0	0.0	0.0	0.0	0.0	0.0	1.0	0.0	0.0	3.0	0.0
Citricoccus	0.0	0.0	0.0	0.0	0.0	0.0	0.0	0.0	0.0	1.0	0.0	0.0
Citrobacter	15.0	1.0	1.0	0.0	43.0	22.0	113.0	4723.0	0.0	8.0	181.0	4.0
Cloacibacterium	5.0	1.0	0.0	0.0	5.0	10.0	0.0	0.0	0.0	0.0	13.0	0.0
Clostridium sensu stricto 1	230.0	59.0	0.0	0.0	956.0	723.0	1221.0	17.0	0.0	242.0	338.0	40.0
Clostridium sensu stricto 10	0.0	0.0	0.0	0.0	0.0	1.0	22.0	0.0	0.0	0.0	0.0	0.0
Clostridium sensu stricto 11	4.0	0.0	0.0	0.0	12.0	33.0	31.0	0.0	0.0	3.0	6.0	0.0
Clostridium sensu stricto 12	8.0	0.0	0.0	0.0	52.0	29.0	69.0	1.0	0.0	6.0	20.0	0.0
Clostridium sensu stricto 13	1.0	2.0	0.0	0.0	36.0	47.0	65.0	0.0	0.0	29.0	26.0	0.0
Clostridium sensu stricto 14	0.0	0.0	0.0	0.0	0.0	1.0	2.0	0.0	0.0	0.0	1.0	0.0
Clostridium sensu stricto 18	0.0	0.0	0.0	0.0	1.0	3.0	24.0	1.0	0.0	0.0	0.0	0.0
Clostridium sensu stricto 19	0.0	0.0	0.0	0.0	10.0	2.0	2.0	0.0	0.0	1.0	1.0	0.0
Clostridium sensu stricto 2	1.0	0.0	0.0	0.0	19.0	5.0	5.0	0.0	0.0	0.0	5.0	0.0
Clostridium sensu stricto 3	1.0	1.0	0.0	0.0	17.0	19.0	45.0	0.0	0.0	5.0	5.0	11.0
Clostridium sensu stricto 4	0.0	0.0	0.0	0.0	0.0	0.0	4.0	0.0	0.0	0.0	0.0	0.0
Clostridium sensu stricto 5	3.0	0.0	0.0	0.0	14.0	6.0	11.0	0.0	0.0	0.0	9.0	0.0
Clostridium sensu stricto 6	0.0	0.0	0.0	0.0	4.0	2.0	1.0	0.0	0.0	2.0	2.0	0.0
Clostridium sensu stricto 7	0.0	0.0	0.0	0.0	1.0	4.0	1.0	0.0	0.0	0.0	2.0	0.0
Clostridium sensu stricto 8	0.0	0.0	0.0	0.0	13.0	18.0	25.0	0.0	0.0	14.0	5.0	0.0
Clostridium sensu stricto 9	11.0	7.0	0.0	0.0	27.0	17.0	31.0	0.0	0.0	10.0	9.0	0.0
Cnuella	0.0	0.0	0.0	0.0	3.0	2.0	7.0	0.0	0.0	5.0	0.0	0.0
Cohaesibacter	0.0	0.0	0.0	0.0	0.0	0.0	0.0	0.0	0.0	0.0	1.0	0.0
Cohnella	2.0	0.0	0.0	0.0	7.0	17.0	42.0	1.0	0.0	5.0	10.0	0.0
Coleofasciculus PCC-7420	1.0	0.0	0.0	0.0	0.0	0.0	0.0	0.0	0.0	0.0	0.0	0.0
Collimonas	0.0	0.0	0.0	0.0	4.0	6.0	21.0	0.0	0.0	0.0	12.0	0.0
Collinsella	1.0	0.0	0.0	0.0	1.0	1.0	0.0	0.0	0.0	0.0	1.0	0.0
Colwellia	0.0	0.0	0.0	0.0	0.0	0.0	1.0	0.0	0.0	0.0	0.0	0.0
Comamonas	141.0	61.0	0.0	0.0	433.0	416.0	578.0	4.0	0.0	136.0	962.0	12.0
Conexibacter	8.0	0.0	0.0	0.0	25.0	14.0	8.0	0.0	0.0	2.0	8.0	0.0
Confluentibacter	1.0	0.0	0.0	0.0	3.0	0.0	1.0	0.0	0.0	0.0	9.0	0.0
Confluentimicrobium	0.0	0.0	0.0	0.0	1.0	0.0	0.0	0.0	0.0	0.0	0.0	0.0
Congregibacter	0.0	0.0	0.0	0.0	1.0	0.0	0.0	0.0	0.0	0.0	0.0	0.0
Constrictibacter	0.0	0.0	0.0	0.0	1.0	0.0	0.0	0.0	0.0	0.0	0.0	0.0
Coprobacter	1.0	0.0	0.0	0.0	0.0	0.0	0.0	0.0	0.0	0.0	0.0	0.0
Coprococcus 1	0.0	0.0	0.0	0.0	0.0	0.0	0.0	0.0	0.0	0.0	4.0	0.0
Coprococcus 2	0.0	0.0	0.0	0.0	7.0	9.0	0.0	0.0	0.0	1.0	1.0	0.0
Coprococcus 3	0.0	0.0	0.0	0.0	3.0	5.0	9.0	0.0	0.0	0.0	4.0	0.0
Coraliomargarita	2.0	0.0	0.0	0.0	0.0	0.0	6.0	0.0	0.0	0.0	1.0	0.0
Corallococcus	0.0	0.0	0.0	0.0	3.0	0.0	0.0	0.0	0.0	0.0	0.0	0.0
Corynebacterium 1	0.0	0.0	0.0	0.0	1.0	0.0	1.0	0.0	0.0	0.0	0.0	0.0
Cosenzaea	0.0	0.0	0.0	0.0	0.0	0.0	4.0	0.0	0.0	0.0	1.0	0.0
Coxiella	40.0	12.0	0.0	0.0	82.0	76.0	82.0	1.0	0.0	10.0	78.0	6.0
Crassaminicella	0.0	0.0	0.0	0.0	0.0	0.0	5.0	0.0	0.0	0.0	7.0	0.0
Crenobacter	1.0	0.0	0.0	0.0	3.0	2.0	6.0	0.0	0.0	1.0	1.0	0.0
Crenothrix	3.0	0.0	0.0	0.0	9.0	10.0	9.0	1.0	0.0	1.0	6.0	0.0
Crinalium SAG 22.89	0.0	0.0	0.0	0.0	0.0	0.0	1.0	0.0	0.0	0.0	0.0	0.0
Croceicoccus	0.0	0.0	0.0	0.0	1.0	0.0	0.0	0.0	0.0	0.0	2.0	0.0
Crocinitomix	0.0	0.0	0.0	0.0	2.0	0.0	0.0	0.0	0.0	0.0	7.0	0.0
Cronobacter	0.0	0.0	0.0	0.0	1.0	0.0	0.0	113.0	0.0	0.0	2.0	0.0
Cryobacterium	0.0	0.0	0.0	0.0	0.0	0.0	1.0	0.0	0.0	0.0	1.0	0.0
Cryptanaerobacter	0.0	0.0	0.0	0.0	2.0	2.0	0.0	0.0	0.0	0.0	2.0	0.0
Cryptobacterium	0.0	0.0	0.0	0.0	0.0	0.0	0.0	1.0	0.0	0.0	0.0	0.0
Cupriavidus	1.0	0.0	0.0	0.0	2.0	8.0	3.0	0.0	0.0	0.0	12.0	43.0
Curvibacter	110.0	39.0	0.0	1.0	716.0	749.0	996.0	6.0	0.0	178.0	997.0	45.0
Cutibacterium	2.0	0.0	0.0	0.0	0.0	0.0	0.0	0.0	0.0	0.0	0.0	0.0
Cyanobium PCC-6307	651.0	114.0	1.0	0.0	347.0	155.0	222.0	1.0	0.0	0.0	6.0	0.0
Cylindrospermum CENA33	0.0	0.0	0.0	0.0	0.0	0.0	6.0	0.0	0.0	0.0	0.0	0.0
Cylindrospermum NQAIF308	0.0	0.0	0.0	0.0	0.0	0.0	1.0	0.0	0.0	0.0	0.0	0.0
Cytophaga	7.0	1.0	0.0	0.0	14.0	28.0	136.0	0.0	0.0	7.0	49.0	1.0
DMER64	8.0	0.0	0.0	0.0	0.0	0.0	0.0	0.0	0.0	0.0	0.0	0.0
DSSD61	1.0	2.0	0.0	0.0	8.0	7.0	42.0	0.0	0.0	0.0	8.0	0.0
DSSF69	0.0	0.0	0.0	0.0	2.0	0.0	2.0	0.0	0.0	0.0	0.0	0.0
Dapisostemonum CCIBt 3536	0.0	0.0	0.0	0.0	0.0	1.0	0.0	0.0	0.0	0.0	0.0	0.0
Dechlorobacter	0.0	0.0	0.0	0.0	56.0	47.0	143.0	0.0	0.0	23.0	108.0	0.0
Dechloromonas	50.0	9.0	0.0	1.0	327.0	345.0	440.0	4.0	0.0	39.0	552.0	1.0
Dechlorosoma	0.0	0.0	0.0	0.0	0.0	1.0	1.0	0.0	0.0	0.0	3.0	0.0
Deefgea	16.0	2.0	1.0	0.0	158.0	135.0	464.0	0.0	0.0	40.0	163.0	102.0
Defluviicoccus	0.0	1.0	0.0	0.0	4.0	14.0	34.0	0.0	0.0	0.0	2.0	0.0
Defluviimonas	3.0	1.0	0.0	0.0	28.0	14.0	67.0	2.0	0.0	41.0	26.0	0.0
Defluviitaleaceae UCG-011	6.0	0.0	0.0	0.0	0.0	15.0	1.0	0.0	0.0	0.0	0.0	0.0
Dehalobacter	0.0	0.0	0.0	0.0	0.0	1.0	0.0	0.0	0.0	0.0	0.0	0.0
Deinococcus	0.0	0.0	0.0	0.0	34.0	28.0	9.0	0.0	0.0	4.0	4.0	0.0
Delftia	2.0	0.0	0.0	0.0	32.0	118.0	652.0	3.0	0.0	24.0	86.0	0.0
Demequina	3.0	0.0	0.0	0.0	0.0	1.0	0.0	0.0	0.0	0.0	4.0	0.0
Dendrosporobacter	0.0	0.0	0.0	0.0	0.0	2.0	0.0	0.0	0.0	0.0	1.0	0.0
Denitratisoma	16.0	2.0	0.0	0.0	221.0	238.0	308.0	3.0	0.0	36.0	285.0	0.0
Denitromonas	0.0	0.0	0.0	0.0	0.0	1.0	0.0	0.0	0.0	0.0	1.0	0.0
Derxia	0.0	0.0	0.0	0.0	0.0	0.0	0.0	0.0	0.0	0.0	1.0	0.0
Desemzia	0.0	0.0	0.0	0.0	0.0	0.0	0.0	2.0	0.0	0.0	0.0	0.0
Desmonostoc PCC-7422	0.0	0.0	0.0	0.0	0.0	0.0	2.0	0.0	0.0	0.0	0.0	0.0
Desulfatiferula	0.0	0.0	0.0	0.0	0.0	1.0	0.0	0.0	0.0	0.0	0.0	0.0
Desulfatiglans	2.0	0.0	0.0	0.0	21.0	27.0	16.0	0.0	0.0	0.0	8.0	0.0
Desulfatirhabdium	0.0	0.0	0.0	0.0	2.0	10.0	3.0	0.0	0.0	0.0	5.0	0.0
Desulfatitalea	0.0	0.0	0.0	0.0	3.0	0.0	0.0	0.0	0.0	0.0	1.0	0.0
Desulfitobacterium	0.0	0.0	0.0	0.0	1.0	2.0	0.0	0.0	0.0	0.0	0.0	0.0
Desulfobacca	5.0	0.0	0.0	1.0	26.0	32.0	51.0	0.0	0.0	4.0	28.0	0.0
Desulfobacter	0.0	0.0	0.0	0.0	4.0	1.0	10.0	0.0	0.0	0.0	1.0	0.0
Desulfobacterium	0.0	0.0	0.0	0.0	1.0	3.0	22.0	0.0	0.0	0.0	2.0	0.0
Desulfobulbus	1.0	0.0	0.0	0.0	3.0	4.0	0.0	0.0	0.0	0.0	1.0	0.0
Desulfocapsa	0.0	0.0	0.0	0.0	0.0	0.0	0.0	0.0	0.0	0.0	2.0	0.0
Desulfomonile	2.0	0.0	0.0	0.0	16.0	15.0	66.0	0.0	0.0	4.0	9.0	0.0
Desulfonispora	0.0	0.0	0.0	0.0	0.0	1.0	0.0	0.0	0.0	0.0	0.0	0.0
Desulfoplanes	0.0	0.0	0.0	0.0	1.0	0.0	0.0	0.0	0.0	0.0	0.0	0.0
Desulfoprunum	0.0	0.0	0.0	0.0	0.0	2.0	0.0	0.0	0.0	0.0	0.0	0.0
Desulforegula	0.0	0.0	0.0	0.0	0.0	0.0	0.0	0.0	0.0	0.0	1.0	0.0
Desulforhabdus	0.0	0.0	0.0	0.0	2.0	1.0	0.0	0.0	0.0	0.0	0.0	0.0
Desulfosporosinus	0.0	0.0	0.0	0.0	21.0	54.0	129.0	1.0	0.0	3.0	17.0	0.0
Desulfotomaculum	0.0	0.0	0.0	0.0	2.0	2.0	0.0	0.0	0.0	0.0	1.0	0.0
Desulfovibrio	2.0	0.0	0.0	0.0	13.0	14.0	66.0	0.0	0.0	0.0	9.0	0.0
Desulfovirga	0.0	0.0	0.0	0.0	3.0	1.0	1.0	0.0	0.0	0.0	3.0	0.0
Desulfurispora	1.0	0.0	0.0	0.0	0.0	0.0	0.0	0.0	0.0	0.0	0.0	0.0
Desulfuromonas	0.0	0.0	0.0	0.0	14.0	32.0	39.0	0.0	0.0	2.0	23.0	0.0
Dethiobacter	0.0	0.0	0.0	0.0	1.0	1.0	0.0	0.0	0.0	0.0	0.0	0.0
Dethiosulfatibacter	1.0	0.0	0.0	0.0	0.0	0.0	0.0	0.0	0.0	0.0	0.0	0.0
Devosia	158.0	17.0	0.0	1.0	458.0	299.0	1039.0	7.0	0.0	225.0	378.0	0.0
Dialister	1.0	0.0	0.0	0.0	10.0	11.0	1.0	0.0	0.0	0.0	6.0	0.0
Diaminobutyricimonas	0.0	0.0	0.0	0.0	0.0	2.0	0.0	0.0	0.0	0.0	0.0	0.0
Diaphorobacter	5.0	3.0	0.0	0.0	27.0	29.0	30.0	0.0	0.0	2.0	32.0	0.0
Dichotomicrobium	0.0	0.0	0.0	0.0	0.0	0.0	2.0	0.0	0.0	0.0	0.0	0.0
Dickeya	8.0	6.0	0.0	0.0	47.0	22.0	208.0	6.0	0.0	7.0	471.0	88.0
Dictyoglomus	0.0	0.0	0.0	0.0	0.0	0.0	1.0	0.0	0.0	0.0	0.0	0.0
Dietzia	0.0	0.0	0.0	0.0	0.0	0.0	1.0	0.0	0.0	1.0	0.0	0.0
Dinghuibacter	1861.0	244.0	0.0	0.0	4734.0	2085.0	697.0	17.0	0.0	41.0	182.0	88.0
Diplorickettsia	0.0	0.0	0.0	0.0	37.0	39.0	72.0	0.0	0.0	5.0	72.0	31.0
Diplosphaera	0.0	0.0	0.0	0.0	9.0	15.0	28.0	0.0	0.0	3.0	31.0	1.0
Dissulfurimicrobium	0.0	0.0	0.0	0.0	0.0	0.0	8.0	0.0	0.0	0.0	0.0	0.0
Dokdonella	59.0	19.0	0.0	0.0	8.0	15.0	1.0	2.0	0.0	0.0	44.0	0.0
Dolichospermum NIES41	0.0	0.0	0.0	0.0	0.0	0.0	1.0	0.0	0.0	0.0	0.0	0.0
Domibacillus	0.0	0.0	0.0	0.0	2.0	2.0	5.0	1.0	0.0	1.0	5.0	0.0
Dongia	2.0	1.0	0.0	0.0	31.0	19.0	66.0	1.0	0.0	31.0	15.0	0.0
Dorea	2.0	1.0	0.0	0.0	17.0	11.0	2.0	0.0	0.0	5.0	8.0	0.0
Duganella	41.0	3.0	0.0	0.0	166.0	451.0	2527.0	10.0	1.0	91.0	875.0	52.0
Dyadobacter	6.0	0.0	0.0	0.0	2.0	2.0	0.0	0.0	0.0	2.0	1.0	0.0
Dyella	0.0	0.0	0.0	0.0	0.0	0.0	13.0	0.0	0.0	0.0	2.0	0.0
Dysgonomonas	0.0	0.0	0.0	0.0	1.0	4.0	0.0	0.0	0.0	1.0	6.0	1.0
Edwardsiella	0.0	0.0	0.0	0.0	0.0	0.0	16.0	39.0	0.0	0.0	2.0	0.0
Eggerthella	0.0	0.0	0.0	0.0	1.0	0.0	5.0	0.0	0.0	0.0	0.0	0.0
Eisenbergiella	0.0	0.0	0.0	0.0	2.0	0.0	0.0	0.0	0.0	0.0	2.0	0.0
Ekhidna	0.0	0.0	0.0	0.0	1.0	0.0	18.0	0.0	0.0	0.0	0.0	0.0
Elizabethkingia	0.0	0.0	0.0	0.0	0.0	0.0	0.0	0.0	0.0	0.0	2.0	0.0
Ellin6067	59.0	6.0	0.0	0.0	472.0	508.0	688.0	5.0	0.0	76.0	661.0	0.0
Elstera	3.0	0.0	0.0	0.0	2.0	0.0	87.0	0.0	0.0	0.0	4.0	0.0
Emticicia	6.0	1.0	0.0	0.0	19.0	8.0	0.0	0.0	0.0	0.0	4.0	0.0
Enhydrobacter	0.0	0.0	0.0	0.0	0.0	0.0	0.0	1.0	0.0	0.0	2.0	0.0
Ensifer	2.0	0.0	0.0	0.0	4.0	0.0	0.0	0.0	0.0	0.0	6.0	0.0
Enterobacillus	1.0	0.0	0.0	0.0	0.0	0.0	2.0	10.0	0.0	0.0	0.0	0.0
Enterobacter	28.0	2.0	0.0	0.0	58.0	37.0	97.0	2031.0	0.0	7.0	174.0	0.0
Enterococcus	22.0	8.0	1.0	1.0	89.0	61.0	140.0	78148.0	1.0	5.0	75.0	0.0
Enterorhabdus	0.0	0.0	0.0	0.0	0.0	0.0	1.0	0.0	0.0	0.0	0.0	0.0
Eoetvoesia	0.0	1.0	0.0	0.0	0.0	0.0	0.0	0.0	0.0	0.0	0.0	0.0
Epulopiscium	1.0	0.0	0.0	0.0	13.0	15.0	15.0	1.0	0.0	6.0	12.0	0.0
Erwinia	3.0	0.0	0.0	0.0	23.0	24.0	259.0	33.0	0.0	13.0	239.0	0.0
Erysipelatoclostridium	0.0	0.0	0.0	0.0	0.0	0.0	2.0	1.0	0.0	0.0	0.0	0.0
Erysipelothrix	0.0	0.0	0.0	0.0	0.0	2.0	0.0	0.0	0.0	0.0	0.0	0.0
Erysipelotrichaceae UCG-003	4.0	0.0	0.0	0.0	5.0	0.0	0.0	0.0	0.0	0.0	0.0	0.0
Erysipelotrichaceae UCG-004	0.0	0.0	0.0	0.0	0.0	2.0	0.0	0.0	0.0	0.0	0.0	0.0
Erysipelotrichaceae UCG-006	0.0	0.0	0.0	0.0	0.0	0.0	0.0	1.0	0.0	0.0	0.0	0.0
Erythrobacter	0.0	0.0	0.0	0.0	11.0	11.0	18.0	0.0	0.0	8.0	4.0	0.0
Escherichia-Shigella	68.0	16.0	4.0	5.0	151.0	144.0	209.0	537498.0	23.0	40.0	433.0	175.0
Ethanoligenens	1.0	0.0	0.0	0.0	0.0	0.0	0.0	0.0	0.0	0.0	6.0	0.0
Eubacterium	0.0	2.0	0.0	0.0	0.0	8.0	0.0	0.0	0.0	0.0	1.0	0.0
Exiguobacterium	2.0	0.0	0.0	0.0	23.0	24.0	22.0	295.0	0.0	6.0	34.0	0.0
Extensimonas	0.0	0.0	0.0	0.0	0.0	1.0	2.0	0.0	0.0	0.0	0.0	0.0
FFCH5858	0.0	0.0	0.0	0.0	1.0	0.0	0.0	0.0	0.0	5.0	0.0	0.0
Fabibacter	0.0	0.0	0.0	0.0	0.0	1.0	0.0	0.0	0.0	0.0	0.0	0.0
Facklamia	1.0	0.0	0.0	0.0	0.0	0.0	0.0	0.0	0.0	0.0	0.0	0.0
Faecalibacterium	56.0	6.0	0.0	0.0	154.0	103.0	93.0	2.0	0.0	22.0	63.0	148.0
Falsirhodobacter	0.0	0.0	0.0	0.0	1.0	1.0	6.0	0.0	0.0	3.0	2.0	0.0
Family XIII AD3011 group	1.0	0.0	0.0	0.0	1.0	3.0	0.0	0.0	0.0	0.0	0.0	0.0
Family XIII UCG-001	0.0	0.0	0.0	0.0	1.0	0.0	0.0	0.0	0.0	0.0	0.0	0.0
Fastidiosipila	0.0	0.0	0.0	0.0	0.0	4.0	0.0	0.0	0.0	0.0	0.0	0.0
Ferribacterium	20.0	2.0	0.0	0.0	27.0	20.0	69.0	0.0	0.0	0.0	36.0	21.0
Ferrimonas	0.0	0.0	0.0	0.0	0.0	0.0	0.0	1.0	0.0	0.0	0.0	0.0
Ferritrophicum	1.0	0.0	0.0	0.0	27.0	63.0	161.0	2.0	0.0	10.0	93.0	0.0
Ferrovibrio	1.0	0.0	0.0	0.0	3.0	1.0	0.0	0.0	0.0	0.0	3.0	0.0
Ferrovum	0.0	0.0	0.0	0.0	1.0	0.0	5.0	1.0	0.0	0.0	1.0	0.0
Ferruginibacter	16.0	3.0	0.0	0.0	136.0	73.0	49.0	1.0	0.0	10.0	68.0	9.0
Fibrobacter	0.0	0.0	0.0	0.0	1.0	4.0	0.0	0.0	0.0	0.0	2.0	0.0
Fictibacillus	0.0	1.0	0.0	0.0	15.0	14.0	12.0	4.0	0.0	0.0	2.0	0.0
Filimonas	0.0	0.0	0.0	0.0	1.0	0.0	0.0	0.0	0.0	0.0	0.0	0.0
Filobacterium	0.0	0.0	0.0	0.0	2.0	0.0	0.0	0.0	0.0	0.0	0.0	0.0
Fimbriiglobus	4.0	0.0	0.0	0.0	17.0	26.0	117.0	0.0	0.0	8.0	28.0	0.0
Flaviaesturariibacter	0.0	0.0	0.0	0.0	1.0	0.0	0.0	0.0	0.0	0.0	0.0	0.0
Flavicella	0.0	0.0	0.0	0.0	0.0	2.0	0.0	0.0	0.0	0.0	0.0	0.0
Flavihumibacter	2.0	0.0	0.0	0.0	11.0	8.0	15.0	0.0	0.0	3.0	12.0	0.0
Flaviramulus	0.0	0.0	0.0	0.0	0.0	2.0	0.0	0.0	0.0	0.0	0.0	0.0
Flavisolibacter	0.0	0.0	0.0	0.0	2.0	4.0	1.0	0.0	0.0	0.0	0.0	0.0
Flavitalea	0.0	0.0	0.0	0.0	0.0	0.0	4.0	0.0	0.0	0.0	0.0	0.0
Flavobacterium	1897.0	445.0	3.0	2.0	3149.0	3290.0	3946.0	60.0	12.0	3727.0	16683.0	2024.0
Flavonifractor	6.0	0.0	0.0	0.0	4.0	3.0	11.0	0.0	0.0	0.0	3.0	0.0
Flectobacillus	6.0	0.0	0.0	0.0	32.0	85.0	45.0	0.0	0.0	0.0	39.0	0.0
Flexibacter	0.0	0.0	0.0	0.0	0.0	0.0	3.0	0.0	0.0	0.0	11.0	0.0
Flexithrix	0.0	0.0	0.0	0.0	0.0	0.0	5.0	0.0	0.0	0.0	0.0	0.0
Fluviicoccus	3.0	0.0	0.0	0.0	0.0	0.0	10.0	0.0	0.0	0.0	18.0	0.0
Fluviicola	1280.0	183.0	0.0	0.0	1136.0	1469.0	1089.0	27.0	2.0	1216.0	5064.0	281.0
Fluviimonas	0.0	0.0	0.0	0.0	17.0	9.0	2.0	0.0	0.0	0.0	0.0	0.0
Fodinicola	502.0	75.0	0.0	0.0	23.0	37.0	101.0	4.0	0.0	24.0	48.0	10.0
Fodinicurvata	0.0	0.0	0.0	0.0	6.0	4.0	1.0	0.0	0.0	1.0	2.0	0.0
Fonticella	0.0	0.0	0.0	0.0	10.0	5.0	1.0	0.0	0.0	2.0	1.0	0.0
Fontimonas	0.0	0.0	0.0	0.0	0.0	0.0	0.0	0.0	0.0	1.0	10.0	0.0
Formivibrio	6.0	1.0	0.0	0.0	33.0	37.0	168.0	0.0	0.0	6.0	67.0	0.0
Fournierella	1.0	0.0	0.0	0.0	3.0	24.0	4.0	0.0	0.0	0.0	2.0	0.0
Francisella	0.0	0.0	0.0	0.0	0.0	6.0	0.0	1.0	0.0	0.0	0.0	0.0
Franconibacter	0.0	0.0	0.0	0.0	0.0	0.0	0.0	25.0	0.0	0.0	0.0	0.0
Frankia	0.0	0.0	0.0	0.0	0.0	1.0	0.0	0.0	0.0	0.0	0.0	0.0
Friedmanniella	0.0	3.0	0.0	0.0	1.0	1.0	0.0	0.0	0.0	0.0	0.0	0.0
Frigidibacter	0.0	0.0	0.0	0.0	0.0	0.0	1.0	0.0	0.0	0.0	1.0	0.0
Frigoribacterium	0.0	0.0	0.0	0.0	0.0	0.0	1.0	0.0	0.0	1.0	1.0	0.0
FukuN57	1.0	2.0	0.0	0.0	3.0	5.0	67.0	0.0	0.0	11.0	11.0	0.0
Fusibacter	4.0	3.0	0.0	0.0	27.0	36.0	31.0	1.0	0.0	8.0	8.0	0.0
Fusicatenibacter	4.0	0.0	0.0	0.0	30.0	34.0	0.0	1.0	0.0	6.0	31.0	0.0
Fusobacterium	0.0	0.0	0.0	0.0	0.0	11.0	7.0	0.0	0.0	0.0	1.0	0.0
GCA-900066225	0.0	0.0	0.0	0.0	13.0	1.0	5.0	0.0	0.0	0.0	3.0	0.0
GCA-900066575	0.0	0.0	0.0	0.0	8.0	2.0	0.0	0.0	0.0	0.0	0.0	0.0
GCA-900066755	0.0	0.0	0.0	0.0	2.0	0.0	0.0	0.0	0.0	0.0	0.0	0.0
GKS98 freshwater group	3262.0	551.0	0.0	2.0	4872.0	3476.0	2913.0	34.0	1.0	202.0	1669.0	228.0
GOUTA6	4.0	2.0	0.0	0.0	69.0	102.0	153.0	0.0	0.0	12.0	190.0	0.0
GOUTB8	0.0	0.0	0.0	0.0	2.0	3.0	10.0	0.0	0.0	0.0	2.0	0.0
GWE2-31-10	2.0	0.0	0.0	0.0	1.0	1.0	1.0	0.0	0.0	0.0	6.0	0.0
Gaetbulibacter	0.0	0.0	0.0	0.0	1.0	0.0	0.0	0.0	0.0	0.0	0.0	0.0
Gaiella	2.0	1.0	0.0	0.0	35.0	31.0	121.0	0.0	0.0	19.0	45.0	0.0
Galbitalea	3.0	0.0	0.0	0.0	0.0	6.0	1.0	1.0	0.0	9.0	9.0	0.0
Gallibacterium	0.0	0.0	0.0	0.0	1.0	0.0	0.0	0.0	0.0	0.0	1.0	0.0
Gallicola	0.0	0.0	0.0	0.0	1.0	0.0	0.0	0.0	0.0	0.0	0.0	0.0
Gallionella	10.0	0.0	0.0	0.0	197.0	361.0	342.0	4.0	0.0	18.0	331.0	28.0
Garciella	0.0	0.0	0.0	0.0	0.0	0.0	10.0	0.0	0.0	0.0	0.0	0.0
Geitlerinema PCC-7105	0.0	0.0	0.0	0.0	7.0	3.0	59.0	0.0	0.0	0.0	1.0	0.0
Gemella	0.0	0.0	0.0	0.0	0.0	0.0	0.0	2.0	0.0	0.0	0.0	0.0
Geminicoccus	0.0	0.0	0.0	0.0	5.0	2.0	0.0	0.0	0.0	0.0	2.0	0.0
Geminocystis PCC-6308	0.0	1.0	0.0	0.0	0.0	1.0	0.0	0.0	0.0	0.0	0.0	0.0
Gemmata	19.0	0.0	0.0	0.0	54.0	35.0	100.0	1.0	0.0	9.0	23.0	0.0
Gemmatimonas	611.0	132.0	0.0	0.0	1138.0	455.0	454.0	7.0	0.0	28.0	108.0	6.0
Gemmobacter	33.0	7.0	0.0	0.0	89.0	54.0	148.0	3.0	0.0	73.0	59.0	0.0
Geobacillus	0.0	0.0	0.0	0.0	0.0	0.0	0.0	2.0	0.0	0.0	1.0	0.0
Geobacter	5.0	1.0	0.0	0.0	89.0	53.0	119.0	0.0	0.0	5.0	48.0	0.0
Geodermatophilus	0.0	0.0	0.0	0.0	0.0	0.0	1.0	0.0	0.0	0.0	0.0	0.0
Georgfuchsia	1.0	0.0	0.0	0.0	5.0	23.0	38.0	1.0	0.0	6.0	24.0	2.0
Geothermobacter	3.0	0.0	0.0	0.0	39.0	36.0	16.0	0.0	0.0	13.0	24.0	0.0
Geothrix	0.0	2.0	0.0	0.0	12.0	6.0	2.0	0.0	0.0	0.0	4.0	0.0
Gibbsiella	0.0	0.0	0.0	0.0	0.0	0.0	0.0	2.0	0.0	0.0	7.0	0.0
Giesbergeria	6.0	6.0	0.0	0.0	13.0	31.0	58.0	0.0	0.0	13.0	46.0	0.0
Gilliamella	0.0	0.0	0.0	0.0	1.0	0.0	20.0	1.0	0.0	0.0	15.0	0.0
Gillisia	0.0	0.0	0.0	0.0	4.0	0.0	0.0	0.0	0.0	0.0	0.0	0.0
Glaciihabitans	0.0	0.0	0.0	0.0	0.0	0.0	0.0	0.0	0.0	0.0	1.0	0.0
Glaciimonas	0.0	0.0	0.0	0.0	0.0	1.0	12.0	0.0	0.0	0.0	8.0	0.0
Gluconobacter	1.0	0.0	0.0	0.0	0.0	0.0	0.0	0.0	0.0	0.0	0.0	0.0
Glycocaulis	0.0	0.0	0.0	0.0	0.0	0.0	1.0	0.0	0.0	0.0	0.0	0.0
Gordonia	2.0	0.0	0.0	0.0	1.0	0.0	0.0	0.0	0.0	2.0	5.0	0.0
Gottschalkia	0.0	0.0	0.0	0.0	56.0	8.0	5.0	0.0	0.0	0.0	0.0	0.0
Gracilibacillus	0.0	0.0	0.0	0.0	0.0	0.0	0.0	1.0	0.0	0.0	0.0	0.0
Gracilibacter	2.0	0.0	0.0	0.0	2.0	1.0	2.0	0.0	0.0	0.0	3.0	0.0
Granulicatella	1.0	0.0	0.0	0.0	3.0	1.0	0.0	1098.0	0.0	0.0	0.0	0.0
Guggenheimella	0.0	1.0	0.0	0.0	0.0	0.0	0.0	0.0	0.0	0.0	0.0	0.0
Gulbenkiania	0.0	0.0	0.0	0.0	0.0	2.0	0.0	0.0	0.0	0.0	1.0	0.0
HIMB11	0.0	0.0	0.0	0.0	1.0	0.0	0.0	0.0	0.0	0.0	0.0	0.0
Haematobacter	1.0	0.0	0.0	0.0	0.0	0.0	1.0	0.0	0.0	0.0	0.0	0.0
Haematospirillum	78.0	7.0	0.0	0.0	109.0	120.0	452.0	2.0	0.0	43.0	32.0	1.0
Haemophilus	0.0	0.0	0.0	0.0	2.0	2.0	1.0	9.0	0.0	0.0	6.0	0.0
Hafnia-Obesumbacterium	0.0	0.0	0.0	0.0	3.0	5.0	58.0	2.0	0.0	3.0	67.0	0.0
Hahella	0.0	1.0	0.0	0.0	1.0	0.0	4.0	0.0	0.0	0.0	3.0	0.0
Haliangium	71.0	8.0	1.0	1.0	656.0	765.0	2586.0	12.0	0.0	81.0	756.0	37.0
Halioglobus	1.0	0.0	0.0	0.0	10.0	3.0	13.0	0.0	0.0	0.0	19.0	20.0
Haliscomenobacter	6.0	0.0	0.0	0.0	24.0	18.0	6.0	0.0	0.0	0.0	5.0	0.0
Halobacillus	0.0	0.0	0.0	0.0	0.0	1.0	0.0	1.0	0.0	0.0	0.0	0.0
Halobacteriovorax	0.0	0.0	0.0	0.0	3.0	5.0	22.0	0.0	0.0	0.0	0.0	0.0
Haloimpatiens	0.0	0.0	0.0	0.0	2.0	0.0	0.0	0.0	0.0	0.0	1.0	0.0
Halomonas	5.0	0.0	0.0	0.0	6.0	10.0	76.0	1.0	0.0	1.0	48.0	2.0
Halovulum	0.0	1.0	0.0	0.0	26.0	14.0	61.0	0.0	0.0	14.0	11.0	0.0
Hansschlegelia	0.0	0.0	0.0	0.0	0.0	0.0	0.0	0.0	0.0	9.0	0.0	0.0
Hathewaya	0.0	0.0	0.0	0.0	0.0	1.0	0.0	0.0	0.0	0.0	0.0	0.0
HdN1	4.0	0.0	0.0	0.0	1.0	1.0	18.0	0.0	0.0	0.0	11.0	0.0
Helicobacter	0.0	0.0	0.0	0.0	1.0	5.0	0.0	0.0	0.0	12.0	4.0	0.0
Herbaspirillum	4.0	0.0	0.0	1.0	45.0	43.0	13.0	0.0	0.0	0.0	38.0	0.0
Herbinix	0.0	0.0	0.0	0.0	8.0	10.0	21.0	0.0	0.0	2.0	2.0	0.0
Herminiimonas	1.0	1.0	0.0	0.0	8.0	8.0	21.0	0.0	0.0	0.0	43.0	9.0
Herpetosiphon	1.0	0.0	0.0	0.0	4.0	8.0	18.0	1.0	0.0	2.0	29.0	0.0
Hevea	0.0	0.0	0.0	0.0	0.0	0.0	0.0	1.0	0.0	1.0	0.0	0.0
Hirschia	0.0	0.0	0.0	0.0	0.0	1.0	4.0	0.0	0.0	0.0	0.0	0.0
Holophaga	0.0	0.0	0.0	0.0	1.0	0.0	0.0	0.0	0.0	0.0	0.0	0.0
Holospora	2.0	0.0	0.0	0.0	1.0	2.0	0.0	0.0	0.0	0.0	3.0	0.0
Hyalangium	0.0	0.0	0.0	0.0	2.0	0.0	0.0	0.0	0.0	0.0	4.0	0.0
Hydrocarboniphaga	0.0	0.0	0.0	0.0	0.0	1.0	0.0	0.0	0.0	0.0	0.0	0.0
Hydrogenispora	0.0	0.0	0.0	0.0	22.0	33.0	16.0	0.0	0.0	1.0	34.0	0.0
Hydrogenophaga	1412.0	288.0	1.0	0.0	3125.0	3304.0	4766.0	16.0	1.0	545.0	3493.0	153.0
Hylemonella	0.0	0.0	0.0	0.0	15.0	50.0	268.0	0.0	0.0	5.0	30.0	0.0
Hymenobacter	0.0	0.0	0.0	0.0	1.0	3.0	0.0	0.0	0.0	1.0	0.0	0.0
Hyphomicrobium	148.0	30.0	0.0	0.0	419.0	283.0	972.0	2.0	0.0	210.0	262.0	0.0
Hypnocyclicus	5.0	3.0	0.0	0.0	30.0	26.0	13.0	0.0	0.0	3.0	56.0	0.0
I-8	0.0	0.0	0.0	0.0	0.0	0.0	0.0	0.0	0.0	0.0	2.0	0.0
IMCC26134	34.0	6.0	0.0	0.0	968.0	1474.0	2472.0	13.0	0.0	67.0	586.0	12.0
IMCC26207	16.0	6.0	1.0	0.0	13.0	15.0	27.0	0.0	0.0	9.0	7.0	0.0
IS-44	0.0	0.0	0.0	0.0	23.0	13.0	10.0	0.0	0.0	4.0	79.0	0.0
Iamia	9.0	0.0	0.0	0.0	25.0	9.0	60.0	0.0	0.0	10.0	8.0	0.0
Ideonella	148.0	18.0	0.0	0.0	148.0	286.0	831.0	5.0	0.0	57.0	444.0	2.0
Idiomarina	0.0	0.0	0.0	0.0	0.0	0.0	0.0	1.0	0.0	0.0	0.0	0.0
Ignatzschineria	2.0	0.0	0.0	0.0	13.0	1.0	4.0	0.0	0.0	4.0	10.0	0.0
Ignavibacterium	0.0	0.0	0.0	0.0	12.0	4.0	0.0	0.0	0.0	0.0	3.0	0.0
IheB2-23	0.0	0.0	0.0	0.0	0.0	1.0	0.0	0.0	0.0	0.0	0.0	0.0
Ilumatobacter	15.0	0.0	0.0	0.0	56.0	39.0	50.0	0.0	0.0	23.0	57.0	0.0
Immundisolibacter	0.0	0.0	0.0	0.0	1.0	1.0	0.0	0.0	0.0	0.0	2.0	0.0
Imperialibacter	0.0	0.0	0.0	0.0	0.0	1.0	1.0	0.0	0.0	0.0	0.0	0.0
Indibacter	0.0	0.0	0.0	0.0	0.0	0.0	2.0	0.0	0.0	0.0	0.0	0.0
Inhella	18.0	37.0	0.0	0.0	114.0	161.0	270.0	2.0	0.0	21.0	142.0	8.0
Inquilinus	3.0	0.0	0.0	0.0	29.0	11.0	7.0	0.0	0.0	1.0	9.0	0.0
Insolitispirillum	0.0	1.0	0.0	0.0	3.0	4.0	40.0	1.0	0.0	3.0	4.0	0.0
Intestinibacter	34.0	6.0	0.0	0.0	168.0	225.0	229.0	1.0	0.0	39.0	84.0	261.0
Intestinimonas	0.0	0.0	0.0	0.0	6.0	7.0	0.0	0.0	0.0	0.0	3.0	0.0
Iodidimonas	0.0	0.0	0.0	0.0	1.0	0.0	2.0	0.0	0.0	0.0	1.0	0.0
Iodobacter	0.0	0.0	0.0	0.0	1.0	2.0	42.0	0.0	0.0	0.0	0.0	0.0
Isosphaera	0.0	0.0	0.0	0.0	1.0	0.0	1.0	0.0	0.0	0.0	0.0	0.0
Izhakiella	0.0	0.0	0.0	0.0	1.0	1.0	0.0	1.0	0.0	0.0	2.0	0.0
JGI 0001001-H03	0.0	0.0	0.0	0.0	17.0	5.0	9.0	0.0	0.0	4.0	1.0	0.0
JTB255 marine benthic group	0.0	0.0	0.0	0.0	0.0	0.0	0.0	0.0	0.0	0.0	1.0	0.0
Jannaschia	0.0	0.0	0.0	0.0	0.0	7.0	0.0	0.0	0.0	0.0	0.0	0.0
Janthinobacterium	1.0	0.0	0.0	0.0	18.0	41.0	61.0	0.0	0.0	10.0	132.0	2.0
Jeotgalibaca	1.0	0.0	0.0	0.0	0.0	1.0	0.0	0.0	0.0	0.0	0.0	0.0
Jonesia	0.0	0.0	0.0	0.0	1.0	0.0	0.0	0.0	0.0	0.0	0.0	0.0
Jonquetella	0.0	0.0	0.0	0.0	0.0	1.0	0.0	0.0	0.0	0.0	0.0	0.0
KCM-B-112	0.0	0.0	0.0	0.0	1.0	7.0	0.0	0.0	0.0	0.0	1.0	0.0
Kaistia	2.0	0.0	0.0	0.0	15.0	10.0	71.0	2.0	0.0	10.0	9.0	0.0
Kerstersia	1.0	1.0	0.0	0.0	35.0	46.0	1.0	1.0	0.0	0.0	26.0	0.0
Ketogulonicigenium	7.0	1.0	0.0	0.0	51.0	14.0	43.0	0.0	0.0	15.0	15.0	0.0
Kineococcus	0.0	0.0	0.0	0.0	0.0	0.0	0.0	0.0	0.0	0.0	1.0	0.0
Kineosporia	6.0	0.0	0.0	0.0	0.0	0.0	0.0	0.0	0.0	5.0	1.0	0.0
Kinneretia	1.0	0.0	0.0	0.0	1.0	3.0	13.0	0.0	0.0	0.0	9.0	0.0
Klebsiella	22.0	1.0	0.0	0.0	29.0	15.0	61.0	983.0	0.0	2.0	210.0	2.0
Kluyvera	11.0	0.0	0.0	0.0	14.0	6.0	44.0	87.0	0.0	4.0	130.0	0.0
Knoellia	0.0	0.0	0.0	0.0	4.0	1.0	0.0	0.0	0.0	0.0	0.0	1.0
Kordiimonas	1.0	0.0	0.0	0.0	0.0	0.0	2.0	0.0	0.0	0.0	0.0	0.0
Kosakonia	0.0	1.0	0.0	0.0	2.0	0.0	14.0	269.0	0.0	0.0	1.0	1.0
Koukoulia	0.0	0.0	0.0	0.0	5.0	1.0	5.0	0.0	0.0	1.0	4.0	0.0
Kribbella	0.0	0.0	0.0	0.0	1.0	0.0	0.0	0.0	0.0	0.0	0.0	0.0
Kurthia	0.0	0.0	0.0	0.0	0.0	0.0	0.0	16.0	0.0	0.0	0.0	0.0
Labedella	0.0	0.0	0.0	0.0	0.0	0.0	0.0	0.0	0.0	0.0	1.0	0.0
Labrys	14.0	0.0	0.0	0.0	2.0	4.0	44.0	1.0	0.0	4.0	10.0	0.0
Lachnoanaerobaculum	0.0	0.0	0.0	0.0	0.0	0.0	0.0	1.0	0.0	0.0	0.0	0.0
Lachnoclostridium	15.0	2.0	0.0	0.0	8.0	18.0	6.0	0.0	0.0	0.0	9.0	0.0
Lachnoclostridium 10	0.0	0.0	0.0	0.0	1.0	3.0	2.0	0.0	0.0	1.0	3.0	0.0
Lachnoclostridium 5	5.0	0.0	0.0	0.0	18.0	21.0	32.0	0.0	0.0	0.0	5.0	0.0
Lachnospira	0.0	0.0	0.0	0.0	6.0	6.0	0.0	0.0	0.0	0.0	0.0	0.0
Lachnospiraceae FCS020 group	0.0	0.0	0.0	0.0	10.0	9.0	1.0	0.0	0.0	0.0	7.0	0.0
Lachnospiraceae NC2004 group	0.0	1.0	0.0	0.0	2.0	5.0	7.0	0.0	0.0	0.0	1.0	0.0
Lachnospiraceae ND3007 group	2.0	0.0	0.0	0.0	1.0	0.0	17.0	0.0	0.0	0.0	6.0	0.0
Lachnospiraceae NK3A20 group	2.0	0.0	0.0	0.0	0.0	0.0	0.0	0.0	0.0	0.0	0.0	0.0
Lachnospiraceae NK4A136 group	0.0	0.0	0.0	0.0	13.0	35.0	19.0	0.0	0.0	3.0	9.0	17.0
Lachnospiraceae UCG-001	0.0	0.0	0.0	0.0	1.0	0.0	0.0	0.0	0.0	0.0	4.0	0.0
Lachnospiraceae UCG-003	0.0	0.0	0.0	0.0	1.0	0.0	0.0	0.0	0.0	0.0	0.0	0.0
Lachnospiraceae UCG-004	0.0	0.0	0.0	0.0	8.0	1.0	0.0	0.0	0.0	2.0	1.0	0.0
Lachnospiraceae UCG-007	0.0	1.0	0.0	0.0	0.0	0.0	0.0	0.0	0.0	0.0	0.0	0.0
Lachnospiraceae UCG-008	0.0	0.0	0.0	0.0	1.0	0.0	0.0	2.0	0.0	0.0	2.0	0.0
Lachnospiraceae UCG-009	0.0	0.0	0.0	0.0	1.0	1.0	0.0	0.0	0.0	0.0	0.0	0.0
Lachnospiraceae XPB1014 group	0.0	0.0	0.0	0.0	0.0	0.0	0.0	1.0	0.0	0.0	0.0	0.0
Lachnotalea	0.0	0.0	0.0	0.0	7.0	7.0	2.0	0.0	0.0	9.0	9.0	0.0
Lacibacter	7.0	0.0	0.0	0.0	18.0	39.0	1.0	0.0	0.0	0.0	8.0	0.0
Lacibacterium	0.0	0.0	0.0	0.0	0.0	4.0	31.0	0.0	0.0	1.0	8.0	0.0
Lacihabitans	45.0	3.0	0.0	0.0	113.0	179.0	276.0	2.0	0.0	14.0	145.0	52.0
Lactivibrio	1.0	0.0	0.0	0.0	0.0	0.0	0.0	0.0	0.0	1.0	0.0	0.0
Lactobacillus	15.0	2.0	1.0	0.0	70.0	114.0	56.0	75949.0	1.0	11.0	51.0	1.0
Lactococcus	1.0	0.0	0.0	0.0	11.0	57.0	26.0	0.0	0.0	1.0	8.0	0.0
Lacunisphaera	35.0	3.0	1.0	0.0	307.0	416.0	741.0	7.0	0.0	56.0	367.0	18.0
Lapillicoccus	0.0	0.0	0.0	0.0	3.0	0.0	0.0	0.0	0.0	0.0	0.0	2.0
Laribacter	6.0	0.0	0.0	0.0	0.0	1.0	0.0	0.0	0.0	2.0	7.0	0.0
Larkinella	0.0	1.0	0.0	0.0	0.0	0.0	0.0	0.0	0.0	0.0	0.0	0.0
Lautropia	43.0	15.0	0.0	1.0	416.0	266.0	395.0	2.0	1.0	13.0	176.0	32.0
Leadbetterella	0.0	0.0	0.0	0.0	1.0	0.0	0.0	0.0	0.0	0.0	6.0	0.0
Leeia	0.0	0.0	0.0	0.0	0.0	0.0	3.0	0.0	0.0	0.0	4.0	0.0
Legionella	133.0	27.0	0.0	0.0	343.0	379.0	926.0	7.0	1.0	92.0	611.0	1.0
Leifsonia	3.0	1.0	0.0	0.0	20.0	10.0	6.0	0.0	0.0	1.0	3.0	0.0
Lelliottia	83.0	8.0	0.0	0.0	35.0	8.0	117.0	14.0	0.0	4.0	96.0	0.0
Lentimicrobium	1.0	0.0	0.0	0.0	0.0	4.0	0.0	0.0	0.0	0.0	4.0	0.0
Lentimonas	0.0	0.0	0.0	0.0	3.0	2.0	21.0	0.0	0.0	0.0	3.0	0.0
Lentisphaera	26.0	3.0	0.0	0.0	25.0	43.0	141.0	0.0	0.0	38.0	63.0	0.0
Leptolinea	1.0	0.0	0.0	0.0	2.0	0.0	20.0	0.0	0.0	0.0	0.0	0.0
Leptolyngbya ANT.L52.2	0.0	0.0	0.0	0.0	2.0	0.0	0.0	0.0	0.0	0.0	0.0	0.0
Leptolyngbya LEGE-06070	0.0	0.0	0.0	0.0	0.0	1.0	10.0	0.0	0.0	0.0	0.0	0.0
Leptolyngbya PCC-6306	0.0	0.0	0.0	0.0	0.0	1.0	0.0	0.0	0.0	0.0	0.0	0.0
Leptonema	0.0	0.0	0.0	0.0	0.0	0.0	1.0	0.0	0.0	0.0	0.0	0.0
Leptospira	19.0	0.0	0.0	0.0	36.0	23.0	38.0	0.0	0.0	0.0	8.0	0.0
Leptothrix	68.0	11.0	0.0	1.0	292.0	512.0	1275.0	4.0	0.0	52.0	712.0	15.0
Leucobacter	12.0	2.0	0.0	0.0	6.0	22.0	2.0	0.0	0.0	25.0	61.0	3.0
Leuconostoc	0.0	0.0	0.0	0.0	1.0	1.0	28.0	0.0	0.0	0.0	4.0	0.0
Lewinella	0.0	0.0	0.0	0.0	1.0	5.0	0.0	0.0	0.0	0.0	0.0	0.0
Limibacillus	0.0	0.0	0.0	0.0	0.0	1.0	1.0	0.0	0.0	0.0	0.0	0.0
Limnobacter	28.0	4.0	0.0	0.0	136.0	172.0	600.0	2.0	1.0	43.0	353.0	2.0
Limnohabitans	22567.0	5691.0	20.0	39.0	256262.0	215460.0	203948.0	1054.0	23.0	33365.0	248031.0	5953.0
Listeria	18.0	3.0	2.0	1.0	61.0	68.0	25.0	120575.0	1.0	9.0	61.0	3.0
Litoricola	0.0	0.0	0.0	0.0	0.0	0.0	0.0	0.0	0.0	0.0	1.0	0.0
Loktanella	0.0	0.0	0.0	0.0	0.0	0.0	0.0	0.0	0.0	0.0	1.0	0.0
Longilinea	0.0	0.0	0.0	0.0	0.0	0.0	1.0	0.0	0.0	0.0	0.0	0.0
Lonsdalea	0.0	0.0	0.0	0.0	0.0	0.0	0.0	0.0	0.0	0.0	3.0	0.0
Luedemannella	0.0	0.0	0.0	0.0	0.0	0.0	0.0	0.0	0.0	0.0	1.0	0.0
Lusitaniella LEGE 07157	0.0	0.0	0.0	0.0	1.0	0.0	0.0	0.0	0.0	0.0	0.0	0.0
Luteibacter	0.0	0.0	0.0	0.0	0.0	1.0	0.0	0.0	0.0	0.0	3.0	0.0
Luteimonas	2.0	0.0	0.0	0.0	6.0	3.0	16.0	2.0	0.0	2.0	49.0	0.0
Luteitalea	0.0	0.0	0.0	0.0	2.0	1.0	1.0	0.0	0.0	0.0	2.0	0.0
Luteivirga	0.0	0.0	0.0	0.0	0.0	1.0	0.0	0.0	0.0	0.0	0.0	0.0
Luteolibacter	0.0	0.0	0.0	0.0	6.0	3.0	7.0	0.0	0.0	0.0	5.0	0.0
Lutispora	2.0	0.0	0.0	0.0	2.0	2.0	4.0	0.0	0.0	2.0	0.0	13.0
Lysinibacillus	3.0	1.0	0.0	0.0	8.0	31.0	48.0	0.0	0.0	5.0	15.0	0.0
Lysinimonas	0.0	0.0	0.0	0.0	0.0	1.0	0.0	0.0	0.0	0.0	1.0	0.0
Lysobacter	11.0	6.0	1.0	0.0	38.0	26.0	210.0	2.0	0.0	9.0	86.0	20.0
Lyticum	0.0	0.0	0.0	0.0	0.0	1.0	0.0	0.0	0.0	0.0	0.0	0.0
M2PT2-76 termite group	0.0	0.0	0.0	0.0	11.0	11.0	0.0	0.0	0.0	0.0	5.0	0.0
MB11C04 marine group	0.0	0.0	0.0	0.0	0.0	0.0	2.0	0.0	0.0	0.0	1.0	0.0
MD3-55	0.0	0.0	0.0	0.0	1.0	0.0	1.0	0.0	0.0	0.0	0.0	0.0
MM1	0.0	0.0	0.0	0.0	12.0	7.0	28.0	0.0	0.0	12.0	46.0	0.0
MM2	0.0	0.0	0.0	0.0	2.0	7.0	9.0	0.0	0.0	0.0	13.0	0.0
MND1	19.0	3.0	0.0	0.0	148.0	216.0	479.0	5.0	0.0	74.0	470.0	0.0
MSB-1D1	0.0	0.0	0.0	0.0	0.0	1.0	0.0	0.0	0.0	0.0	0.0	0.0
MSBL3	1.0	1.0	0.0	0.0	0.0	3.0	0.0	0.0	0.0	0.0	2.0	0.0
MSBL7	0.0	0.0	0.0	0.0	0.0	1.0	0.0	0.0	0.0	0.0	1.0	0.0
MWH-Ta3	148.0	16.0	0.0	3.0	776.0	897.0	1590.0	13.0	0.0	456.0	1934.0	62.0
MWH-UniP1 aquatic group	35.0	3.0	0.0	0.0	92.0	41.0	79.0	1.0	0.0	0.0	22.0	0.0
Macellibacteroides	0.0	0.0	0.0	0.0	2.0	7.0	2.0	0.0	0.0	1.0	7.0	0.0
Macrococcus	0.0	0.0	0.0	0.0	0.0	2.0	0.0	9.0	0.0	0.0	0.0	0.0
Macromonas	0.0	0.0	0.0	0.0	5.0	79.0	29.0	1.0	0.0	0.0	8.0	0.0
Magnetococcus	8.0	0.0	0.0	0.0	10.0	28.0	75.0	0.0	0.0	2.0	7.0	0.0
Magnetospira	1.0	0.0	0.0	0.0	0.0	0.0	0.0	0.0	0.0	0.0	0.0	0.0
Magnetospirillum	15.0	1.0	0.0	0.0	37.0	48.0	321.0	0.0	0.0	31.0	88.0	0.0
Magnetovibrio	1.0	0.0	0.0	0.0	0.0	0.0	0.0	0.0	0.0	0.0	0.0	0.0
Malikia	39.0	25.0	0.0	0.0	448.0	428.0	430.0	1.0	0.0	85.0	369.0	3.0
Mangrovibacter	0.0	0.0	0.0	0.0	0.0	0.0	0.0	5.0	0.0	0.0	0.0	0.0
Mannheimia	0.0	0.0	0.0	0.0	0.0	0.0	0.0	0.0	0.0	0.0	1.0	0.0
Marinagarivorans	0.0	0.0	0.0	0.0	0.0	0.0	1.0	0.0	0.0	0.0	1.0	0.0
Marine Methylotrophic Group 2	0.0	0.0	0.0	0.0	1.0	0.0	1.0	0.0	0.0	0.0	0.0	0.0
Marinifilum	1.0	0.0	0.0	0.0	1.0	0.0	0.0	0.0	0.0	1.0	0.0	0.0
Marinilactibacillus	0.0	0.0	0.0	0.0	0.0	0.0	0.0	1.0	0.0	0.0	0.0	0.0
Marinobacter	0.0	0.0	0.0	0.0	0.0	0.0	0.0	0.0	0.0	0.0	1.0	0.0
Marinobacterium	0.0	0.0	0.0	0.0	0.0	1.0	0.0	0.0	0.0	0.0	1.0	0.0
Marinoscillum	0.0	0.0	0.0	0.0	0.0	0.0	12.0	1.0	0.0	0.0	1.0	0.0
Marinospirillum	0.0	0.0	0.0	0.0	0.0	0.0	1.0	0.0	0.0	0.0	0.0	0.0
Marinovum	0.0	0.0	0.0	0.0	0.0	0.0	0.0	0.0	0.0	0.0	1.0	0.0
Maritimimonas	4.0	0.0	0.0	0.0	0.0	1.0	0.0	0.0	0.0	0.0	1.0	0.0
Marivirga	0.0	0.0	0.0	0.0	0.0	1.0	5.0	0.0	0.0	0.0	0.0	0.0
Marmoricola	1.0	0.0	0.0	0.0	1.0	1.0	0.0	0.0	0.0	1.0	1.0	0.0
Marvinbryantia	0.0	0.0	0.0	0.0	0.0	2.0	0.0	0.0	0.0	0.0	1.0	0.0
Massilia	15.0	6.0	0.0	0.0	167.0	347.0	910.0	5.0	0.0	32.0	757.0	51.0
Megamonas	4.0	0.0	0.0	0.0	39.0	69.0	9.0	2.0	0.0	1.0	17.0	0.0
Megasphaera	1.0	0.0	0.0	0.0	4.0	32.0	2.0	0.0	0.0	0.0	2.0	0.0
Melioribacter	0.0	0.0	0.0	0.0	0.0	0.0	0.0	0.0	0.0	0.0	1.0	0.0
Melissococcus	0.0	0.0	0.0	0.0	0.0	0.0	0.0	4.0	0.0	0.0	0.0	0.0
Meniscus	0.0	0.0	0.0	0.0	0.0	0.0	0.0	0.0	0.0	0.0	2.0	0.0
Mesoplasma	0.0	0.0	0.0	0.0	0.0	0.0	0.0	0.0	0.0	0.0	1.0	0.0
Mesorhizobium	18.0	1.0	1.0	0.0	31.0	14.0	78.0	0.0	0.0	20.0	22.0	0.0
Methylibium	51.0	30.0	0.0	0.0	194.0	41.0	54.0	1.0	0.0	0.0	16.0	0.0
Methylobacillus	1.0	0.0	0.0	0.0	15.0	27.0	176.0	0.0	0.0	0.0	42.0	0.0
Methylobacter	0.0	1.0	0.0	0.0	1.0	1.0	3.0	0.0	0.0	0.0	3.0	0.0
Methylobacterium	14.0	2.0	1.0	0.0	22.0	15.0	17.0	0.0	0.0	2.0	9.0	634.0
Methylocaldum	0.0	0.0	0.0	0.0	0.0	0.0	0.0	0.0	0.0	0.0	1.0	0.0
Methylocapsa	0.0	0.0	0.0	0.0	0.0	2.0	0.0	0.0	0.0	1.0	0.0	0.0
Methyloceanibacter	0.0	0.0	0.0	0.0	0.0	0.0	22.0	0.0	0.0	1.0	0.0	0.0
Methylocella	0.0	0.0	0.0	0.0	0.0	2.0	0.0	0.0	0.0	2.0	0.0	0.0
Methylocystis	15.0	0.0	0.0	0.0	60.0	71.0	50.0	0.0	0.0	7.0	36.0	0.0
Methyloferula	0.0	0.0	0.0	0.0	0.0	0.0	2.0	0.0	0.0	3.0	0.0	0.0
Methyloglobulus	0.0	0.0	0.0	0.0	0.0	0.0	2.0	0.0	0.0	0.0	0.0	0.0
Methyloligella	0.0	0.0	0.0	0.0	0.0	1.0	0.0	0.0	0.0	0.0	0.0	0.0
Methylomonas	0.0	0.0	0.0	0.0	0.0	5.0	2.0	0.0	0.0	0.0	0.0	0.0
Methylonatrum	0.0	0.0	0.0	0.0	0.0	0.0	1.0	0.0	0.0	0.0	0.0	0.0
Methyloparacoccus	7.0	0.0	0.0	0.0	0.0	3.0	4.0	0.0	0.0	0.0	14.0	0.0
Methylophilus	9.0	5.0	0.0	1.0	206.0	253.0	780.0	2.0	0.0	20.0	418.0	19.0
Methylopila	0.0	0.0	0.0	0.0	0.0	0.0	0.0	0.0	0.0	1.0	0.0	0.0
Methylorosula	57.0	9.0	0.0	0.0	7.0	3.0	0.0	0.0	0.0	0.0	2.0	0.0
Methylosinus	0.0	0.0	0.0	0.0	4.0	5.0	11.0	0.0	0.0	2.0	6.0	0.0
Methylotenera	101.0	16.0	0.0	0.0	456.0	352.0	991.0	10.0	0.0	36.0	1504.0	51.0
Methyloterrigena	0.0	0.0	0.0	0.0	0.0	0.0	2.0	0.0	0.0	0.0	0.0	0.0
Methyloversatilis	0.0	1.0	0.0	0.0	1.0	0.0	0.0	0.0	0.0	0.0	10.0	0.0
Methylovorus	0.0	0.0	0.0	0.0	6.0	1.0	0.0	0.0	0.0	0.0	6.0	0.0
Mf105b01	0.0	0.0	0.0	0.0	0.0	0.0	2.0	0.0	0.0	0.0	2.0	0.0
Micavibrio	0.0	0.0	0.0	0.0	2.0	0.0	0.0	0.0	0.0	0.0	0.0	0.0
Microbacter	0.0	0.0	0.0	0.0	0.0	0.0	0.0	0.0	0.0	0.0	2.0	0.0
Microbacterium	0.0	0.0	0.0	0.0	2.0	17.0	9.0	0.0	0.0	6.0	25.0	0.0
Microcella	0.0	0.0	0.0	0.0	0.0	1.0	0.0	0.0	0.0	0.0	0.0	0.0
Microlunatus	0.0	0.0	0.0	0.0	0.0	1.0	1.0	0.0	0.0	0.0	12.0	0.0
Micromonospora	2.0	0.0	0.0	0.0	2.0	2.0	16.0	0.0	0.0	3.0	5.0	0.0
Micropepsis	1.0	1.0	0.0	0.0	6.0	9.0	20.0	0.0	0.0	7.0	17.0	0.0
Micropruina	0.0	0.0	0.0	0.0	4.0	1.0	0.0	0.0	0.0	0.0	0.0	0.0
Microscilla	0.0	0.0	0.0	0.0	0.0	0.0	0.0	0.0	0.0	0.0	1.0	0.0
Microvirga	0.0	2.0	0.0	0.0	6.0	11.0	25.0	0.0	0.0	11.0	8.0	0.0
Microvirgula	0.0	0.0	0.0	0.0	0.0	7.0	63.0	0.0	0.0	9.0	13.0	0.0
Milano-WF1B-03	0.0	0.0	0.0	0.0	0.0	0.0	0.0	0.0	0.0	0.0	1.0	0.0
Mitsuaria	1.0	2.0	0.0	0.0	2.0	16.0	14.0	0.0	0.0	0.0	13.0	0.0
Mitsuokella	2.0	1.0	0.0	0.0	6.0	15.0	0.0	0.0	0.0	2.0	0.0	0.0
Mobilitalea	0.0	0.0	0.0	0.0	0.0	0.0	1.0	0.0	0.0	0.0	0.0	0.0
Modestobacter	2.0	0.0	0.0	0.0	0.0	0.0	0.0	0.0	0.0	0.0	0.0	0.0
Moellerella	0.0	0.0	0.0	0.0	0.0	0.0	0.0	0.0	0.0	0.0	3.0	0.0
Mogibacterium	0.0	0.0	0.0	0.0	0.0	1.0	0.0	0.0	0.0	0.0	0.0	0.0
Moraxella	0.0	0.0	0.0	0.0	0.0	0.0	0.0	7.0	0.0	0.0	0.0	0.0
Morganella	0.0	0.0	0.0	0.0	0.0	0.0	1.0	2.0	0.0	0.0	8.0	0.0
Moryella	0.0	0.0	0.0	0.0	0.0	1.0	0.0	0.0	0.0	0.0	0.0	0.0
Mucilaginibacter	6.0	1.0	0.0	0.0	18.0	35.0	47.0	1.0	0.0	17.0	80.0	0.0
Mucispirillum	1.0	0.0	0.0	0.0	0.0	1.0	27.0	1.0	0.0	0.0	1.0	0.0
Mycoavidus	0.0	0.0	0.0	0.0	0.0	1.0	0.0	0.0	0.0	0.0	0.0	0.0
Mycobacterium	6.0	0.0	0.0	0.0	0.0	5.0	4.0	0.0	0.0	2.0	11.0	0.0
Mycoplasma	0.0	0.0	0.0	0.0	13.0	0.0	0.0	0.0	0.0	0.0	0.0	0.0
Myxococcus	0.0	0.0	0.0	0.0	0.0	1.0	0.0	0.0	0.0	0.0	0.0	0.0
NS10 marine group	0.0	0.0	0.0	0.0	0.0	0.0	3.0	0.0	0.0	0.0	2.0	0.0
Nakamurella	0.0	0.0	0.0	0.0	1.0	1.0	0.0	0.0	0.0	0.0	0.0	0.0
Nannocystis	3.0	0.0	0.0	0.0	8.0	15.0	52.0	0.0	0.0	5.0	12.0	0.0
Natranaerobius	0.0	0.0	0.0	0.0	0.0	1.0	0.0	0.0	0.0	0.0	0.0	0.0
Natranaerovirga	0.0	0.0	0.0	0.0	0.0	3.0	0.0	0.0	0.0	0.0	0.0	0.0
Natronoflexus	0.0	0.0	0.0	0.0	1.0	0.0	0.0	0.0	0.0	0.0	0.0	0.0
Negativibacillus	0.0	1.0	0.0	0.0	9.0	0.0	27.0	0.0	0.0	0.0	3.0	0.0
Neisseria	0.0	0.0	0.0	0.0	2.0	1.0	16.0	0.0	0.0	0.0	5.0	0.0
Neorhizobium	1.0	0.0	0.0	0.0	4.0	0.0	3.0	0.0	0.0	0.0	2.0	0.0
Neorickettsia	0.0	0.0	0.0	0.0	3.0	0.0	0.0	0.0	0.0	0.0	0.0	0.0
Nevskia	0.0	0.0	0.0	0.0	7.0	6.0	5.0	0.0	0.0	2.0	39.0	4.0
Nissabacter	0.0	0.0	0.0	0.0	0.0	1.0	1.0	0.0	0.0	0.0	1.0	1.0
Nitratireductor	41.0	0.0	0.0	0.0	105.0	41.0	85.0	0.0	0.0	40.0	35.0	0.0
Nitrobacter	0.0	1.0	0.0	0.0	0.0	0.0	6.0	0.0	0.0	2.0	0.0	0.0
Nitrosomonas	7.0	0.0	0.0	0.0	26.0	17.0	74.0	0.0	0.0	2.0	13.0	0.0
Nitrosospira	0.0	0.0	0.0	0.0	1.0	1.0	1.0	0.0	0.0	0.0	0.0	0.0
Nitrospira	38.0	4.0	0.0	0.0	112.0	106.0	504.0	1.0	0.0	49.0	169.0	0.0
Nitrospirillum	0.0	0.0	0.0	0.0	0.0	0.0	12.0	0.0	0.0	0.0	1.0	0.0
Niveibacterium	0.0	0.0	0.0	0.0	10.0	1.0	1.0	0.0	0.0	0.0	3.0	0.0
Niveispirillum	7.0	2.0	0.0	0.0	104.0	204.0	1086.0	5.0	0.0	116.0	191.0	0.0
Nocardia	0.0	0.0	0.0	0.0	0.0	1.0	1.0	0.0	0.0	0.0	0.0	0.0
Nocardioides	9.0	1.0	0.0	0.0	8.0	9.0	27.0	1.0	0.0	14.0	31.0	0.0
Nocardiopsis	0.0	0.0	0.0	0.0	0.0	0.0	0.0	0.0	0.0	0.0	1.0	0.0
Nodosilinea PCC-7104	0.0	0.0	0.0	0.0	0.0	0.0	0.0	0.0	0.0	1.0	0.0	0.0
Nordella	48.0	9.0	0.0	0.0	61.0	33.0	106.0	1.0	0.0	120.0	80.0	0.0
Nostoc PCC-73102	0.0	0.0	0.0	0.0	0.0	1.0	0.0	0.0	0.0	0.0	0.0	0.0
Nostoc PCC-7524	0.0	0.0	0.0	0.0	0.0	0.0	1.0	0.0	0.0	0.0	0.0	0.0
Novibacillus	0.0	0.0	0.0	0.0	0.0	0.0	8.0	1.0	0.0	0.0	0.0	0.0
Noviherbaspirillum	76.0	9.0	0.0	0.0	979.0	358.0	125.0	5.0	0.0	4.0	106.0	0.0
Novispirillum	1.0	1.0	0.0	0.0	14.0	12.0	151.0	0.0	0.0	6.0	27.0	0.0
Novosphingobium	1780.0	247.0	1.0	2.0	2258.0	1197.0	3149.0	21.0	2.0	611.0	941.0	0.0
Nubsella	1.0	0.0	0.0	0.0	0.0	0.0	0.0	0.0	0.0	0.0	1.0	0.0
OLB12	6.0	0.0	0.0	0.0	21.0	16.0	25.0	0.0	0.0	9.0	11.0	0.0
OLB15	7.0	0.0	0.0	0.0	0.0	0.0	0.0	0.0	0.0	0.0	0.0	0.0
OM27 clade	71.0	10.0	0.0	1.0	673.0	335.0	465.0	5.0	0.0	15.0	112.0	2.0
OM43 clade	1.0	0.0	0.0	0.0	13.0	9.0	1.0	0.0	0.0	0.0	13.0	0.0
OM60(NOR5) clade	1.0	3.0	0.0	0.0	15.0	1.0	18.0	0.0	0.0	1.0	17.0	9.0
Occidentia	0.0	0.0	0.0	0.0	0.0	1.0	0.0	0.0	0.0	0.0	0.0	0.0
Oceanirhabdus	0.0	0.0	0.0	0.0	0.0	0.0	3.0	0.0	0.0	0.0	2.0	0.0
Oceanobacter	0.0	0.0	0.0	0.0	1.0	1.0	2.0	0.0	0.0	0.0	2.0	0.0
Oceanococcus	0.0	0.0	0.0	0.0	0.0	0.0	0.0	0.0	0.0	0.0	1.0	0.0
Ochrobactrum	1.0	0.0	0.0	0.0	0.0	0.0	0.0	0.0	0.0	0.0	0.0	0.0
Odoribacter	0.0	0.0	0.0	0.0	1.0	0.0	2.0	0.0	0.0	0.0	4.0	0.0
Ohtaekwangia	0.0	0.0	0.0	0.0	0.0	0.0	0.0	0.0	0.0	0.0	1.0	0.0
Okibacterium	0.0	0.0	0.0	0.0	0.0	0.0	0.0	0.0	0.0	0.0	1.0	0.0
Oleibacter	1.0	0.0	0.0	0.0	0.0	0.0	0.0	0.0	0.0	0.0	0.0	0.0
Oleiphilus	1.0	0.0	0.0	0.0	3.0	2.0	0.0	0.0	0.0	0.0	10.0	0.0
Oligoflexus	1.0	0.0	0.0	0.0	76.0	57.0	66.0	0.0	0.0	19.0	40.0	0.0
Opitutus	7.0	2.0	0.0	0.0	74.0	133.0	393.0	1.0	0.0	15.0	154.0	15.0
Orbus	0.0	0.0	0.0	0.0	0.0	0.0	2.0	0.0	0.0	0.0	1.0	0.0
Oribacterium	0.0	0.0	0.0	0.0	0.0	0.0	0.0	0.0	0.0	0.0	4.0	0.0
Ornithinibacillus	0.0	0.0	0.0	0.0	0.0	0.0	0.0	1.0	0.0	0.0	0.0	0.0
Ornithinibacter	3.0	0.0	0.0	0.0	4.0	2.0	1.0	0.0	0.0	2.0	6.0	0.0
Orrella	1.0	0.0	0.0	0.0	0.0	0.0	1.0	0.0	0.0	0.0	0.0	0.0
Oscillibacter	0.0	0.0	0.0	0.0	5.0	3.0	0.0	0.0	0.0	0.0	1.0	0.0
Oscillospira	0.0	0.0	0.0	0.0	1.0	0.0	0.0	0.0	0.0	0.0	0.0	0.0
Ottowia	4.0	0.0	0.0	0.0	25.0	36.0	14.0	0.0	0.0	1.0	72.0	1.0
Owenweeksia	0.0	0.0	0.0	0.0	0.0	0.0	0.0	0.0	0.0	0.0	1.0	0.0
Oxalicibacterium	0.0	0.0	0.0	0.0	7.0	9.0	11.0	0.0	0.0	0.0	8.0	3.0
Oxalobacter	0.0	0.0	0.0	0.0	6.0	1.0	1.0	0.0	0.0	0.0	1.0	0.0
Oxobacter	0.0	0.0	0.0	0.0	1.0	0.0	29.0	0.0	0.0	0.0	0.0	0.0
PAUC26f	0.0	0.0	0.0	0.0	0.0	0.0	4.0	0.0	0.0	0.0	0.0	0.0
PMMR1	0.0	0.0	0.0	0.0	0.0	0.0	0.0	0.0	0.0	0.0	1.0	0.0
Paenibacillus	9.0	0.0	0.0	0.0	122.0	189.0	672.0	7.0	0.0	42.0	131.0	33.0
Paeniclostridium	0.0	0.0	0.0	0.0	11.0	32.0	24.0	0.0	0.0	7.0	6.0	0.0
Paenirhodobacter	2.0	0.0	0.0	0.0	11.0	13.0	32.0	0.0	0.0	10.0	27.0	0.0
Paenisporosarcina	0.0	0.0	0.0	0.0	10.0	10.0	12.0	2.0	0.0	4.0	13.0	4.0
Pajaroellobacter	2.0	0.0	0.0	0.0	20.0	14.0	6.0	0.0	0.0	0.0	15.0	0.0
Paludibacter	17.0	2.0	0.0	0.0	9.0	23.0	13.0	0.0	0.0	2.0	10.0	0.0
Paludibacterium	3.0	0.0	0.0	0.0	1.0	6.0	9.0	0.0	0.0	2.0	12.0	0.0
Paludibaculum	6.0	0.0	0.0	0.0	13.0	15.0	61.0	0.0	0.0	1.0	11.0	0.0
Paludisphaera	0.0	0.0	0.0	0.0	1.0	0.0	6.0	0.0	0.0	1.0	8.0	0.0
Panacagrimonas	0.0	0.0	0.0	0.0	0.0	0.0	0.0	0.0	0.0	0.0	6.0	0.0
Pandoraea	0.0	0.0	0.0	0.0	0.0	1.0	0.0	0.0	0.0	0.0	0.0	0.0
Pantoea	1.0	1.0	0.0	0.0	23.0	7.0	234.0	133.0	0.0	28.0	342.0	114.0
Papillibacter	0.0	0.0	0.0	0.0	0.0	0.0	4.0	0.0	0.0	0.0	1.0	0.0
Parabacteroides	6.0	0.0	0.0	0.0	0.0	8.0	8.0	0.0	0.0	0.0	2.0	0.0
Parablastomonas	2.0	0.0	0.0	1.0	6.0	0.0	6.0	0.0	0.0	2.0	2.0	0.0
Paraclostridium	2.0	0.0	0.0	0.0	11.0	4.0	6.0	0.0	0.0	2.0	6.0	0.0
Paracoccus	10.0	1.0	0.0	0.0	40.0	19.0	8.0	1.0	0.0	13.0	13.0	0.0
Parafilimonas	0.0	0.0	0.0	0.0	0.0	0.0	1.0	0.0	0.0	1.0	0.0	0.0
Parafrigoribacterium	0.0	0.0	0.0	0.0	0.0	3.0	0.0	0.0	0.0	0.0	0.0	0.0
Paraglaciecola	0.0	0.0	0.0	0.0	0.0	0.0	1.0	0.0	0.0	0.0	0.0	0.0
Paraherbaspirillum	0.0	0.0	0.0	0.0	0.0	1.0	0.0	0.0	0.0	0.0	0.0	0.0
Paraperlucidibaca	2.0	0.0	0.0	0.0	0.0	0.0	1.0	0.0	0.0	1.0	20.0	0.0
Parapusillimonas	0.0	0.0	0.0	0.0	0.0	0.0	20.0	0.0	0.0	0.0	3.0	0.0
Pararhodospirillum	1.0	0.0	0.0	0.0	0.0	1.0	6.0	0.0	0.0	0.0	0.0	0.0
Parasediminibacterium	0.0	0.0	0.0	0.0	0.0	4.0	0.0	0.0	0.0	0.0	0.0	0.0
Parasegetibacter	0.0	1.0	0.0	0.0	1.0	2.0	0.0	0.0	0.0	0.0	0.0	0.0
Parasutterella	0.0	0.0	0.0	0.0	0.0	0.0	1.0	0.0	0.0	0.0	0.0	0.0
Parvibacter	0.0	0.0	0.0	0.0	0.0	0.0	2.0	0.0	0.0	0.0	0.0	0.0
Parvibaculum	0.0	0.0	0.0	0.0	0.0	3.0	0.0	0.0	0.0	0.0	0.0	0.0
Parviterribacter	0.0	0.0	0.0	0.0	0.0	4.0	0.0	0.0	0.0	0.0	2.0	0.0
Patulibacter	0.0	0.0	0.0	0.0	8.0	0.0	0.0	0.0	0.0	0.0	0.0	0.0
Paucibacter	14.0	8.0	0.0	0.0	92.0	190.0	467.0	0.0	0.0	32.0	261.0	0.0
Paucimonas	0.0	0.0	0.0	0.0	2.0	0.0	1.0	0.0	0.0	0.0	0.0	0.0
Pectobacterium	3.0	1.0	0.0	0.0	22.0	19.0	671.0	33.0	0.0	13.0	305.0	22.0
Pediococcus	0.0	0.0	0.0	0.0	0.0	0.0	0.0	1.0	0.0	0.0	0.0	0.0
Pedobacter	29.0	15.0	0.0	0.0	14.0	34.0	2.0	0.0	0.0	7.0	24.0	0.0
Pedomicrobium	41.0	1.0	0.0	0.0	100.0	97.0	347.0	1.0	0.0	95.0	93.0	0.0
Pelagibacterium	0.0	0.0	0.0	0.0	0.0	1.0	2.0	0.0	0.0	0.0	0.0	0.0
Pelagibius	0.0	0.0	0.0	0.0	1.0	0.0	0.0	0.0	0.0	0.0	0.0	0.0
Pelagicoccus	1.0	0.0	0.0	0.0	1.0	0.0	5.0	0.0	0.0	0.0	0.0	0.0
Pelobacter	2.0	0.0	0.0	0.0	0.0	5.0	1.0	0.0	0.0	0.0	6.0	0.0
Pelomonas	19.0	10.0	0.0	2.0	87.0	153.0	834.0	0.0	0.0	29.0	280.0	41.0
Pelosinus	2.0	0.0	0.0	0.0	58.0	44.0	92.0	2.0	0.0	8.0	17.0	0.0
Pelotomaculum	0.0	0.0	0.0	0.0	1.0	0.0	0.0	0.0	0.0	0.0	0.0	0.0
Peptoclostridium	0.0	0.0	0.0	0.0	1.0	13.0	13.0	0.0	0.0	0.0	2.0	0.0
Peptococcus	0.0	0.0	0.0	0.0	12.0	3.0	4.0	0.0	0.0	0.0	1.0	0.0
Peredibacter	1.0	1.0	0.0	0.0	61.0	83.0	132.0	1.0	0.0	4.0	58.0	0.0
Perlucidibaca	1.0	0.0	0.0	0.0	9.0	6.0	71.0	1.0	0.0	39.0	590.0	3.0
Permianibacter	3.0	0.0	0.0	0.0	3.0	0.0	11.0	0.0	0.0	0.0	19.0	0.0
Persicobacter	0.0	0.0	0.0	0.0	0.0	0.0	1.0	0.0	0.0	0.0	0.0	0.0
Phaeodactylibacter	1.0	1.0	0.0	0.0	3.0	6.0	0.0	0.0	0.0	0.0	2.0	0.0
Phaeospirillum	1.0	0.0	0.0	0.0	10.0	0.0	37.0	0.0	0.0	0.0	6.0	0.0
Phascolarctobacterium	3.0	0.0	0.0	0.0	21.0	13.0	37.0	0.0	0.0	6.0	11.0	0.0
Phaselicystis	0.0	0.0	0.0	0.0	10.0	11.0	13.0	0.0	0.0	0.0	11.0	0.0
Phaseolibacter	0.0	0.0	0.0	0.0	1.0	0.0	0.0	2.0	0.0	0.0	0.0	0.0
Phenylobacterium	18.0	6.0	0.0	0.0	95.0	32.0	58.0	1.0	0.0	2.0	23.0	0.0
Phocea	0.0	0.0	0.0	0.0	0.0	1.0	0.0	0.0	0.0	0.0	0.0	0.0
Phormidesmis ANT.LACV5.1	0.0	0.0	0.0	0.0	1.0	0.0	0.0	0.0	0.0	0.0	0.0	0.0
Phormidium CYN64	0.0	0.0	0.0	0.0	3.0	1.0	1.0	0.0	0.0	0.0	0.0	0.0
Photobacterium	0.0	0.0	0.0	0.0	0.0	0.0	0.0	4.0	0.0	0.0	0.0	0.0
Photorhabdus	0.0	0.0	0.0	0.0	1.0	2.0	116.0	1.0	0.0	5.0	48.0	3.0
Phreatobacter	11.0	0.0	0.0	0.0	37.0	24.0	171.0	1.0	0.0	50.0	59.0	0.0
Phycicoccus	0.0	0.0	0.0	0.0	0.0	0.0	0.0	0.0	0.0	3.0	0.0	0.0
Phyllobacterium	2.0	0.0	0.0	0.0	2.0	0.0	0.0	0.0	0.0	0.0	2.0	0.0
Pigmentiphaga	0.0	0.0	0.0	0.0	2.0	1.0	1.0	0.0	0.0	0.0	1.0	0.0
Pir4 lineage	0.0	0.0	0.0	0.0	12.0	5.0	8.0	0.0	0.0	0.0	11.0	0.0
Pirellula	1.0	4.0	0.0	0.0	24.0	29.0	82.0	0.0	0.0	10.0	16.0	0.0
Piscibacillus	0.0	0.0	0.0	0.0	0.0	0.0	0.0	1.0	0.0	0.0	0.0	0.0
Piscinibacter	17.0	1.0	0.0	0.0	23.0	37.0	83.0	0.0	0.0	3.0	61.0	0.0
Planctomicrobium	0.0	0.0	0.0	0.0	0.0	0.0	0.0	0.0	0.0	0.0	1.0	0.0
Planctopirus	0.0	0.0	0.0	0.0	0.0	0.0	0.0	0.0	0.0	0.0	1.0	0.0
Planktothrix NIVA-CYA 15	0.0	0.0	0.0	0.0	1.0	0.0	11.0	0.0	0.0	0.0	7.0	0.0
Planococcus	0.0	0.0	0.0	0.0	1.0	5.0	0.0	1.0	0.0	0.0	1.0	0.0
Planomicrobium	0.0	0.0	0.0	0.0	4.0	6.0	4.0	0.0	0.0	0.0	3.0	0.0
Plasticicumulans	21.0	7.0	0.0	0.0	0.0	0.0	0.0	0.0	0.0	0.0	0.0	0.0
Pleomorphomonas	0.0	0.0	0.0	0.0	0.0	2.0	2.0	0.0	0.0	1.0	5.0	0.0
Plesiomonas	1.0	0.0	0.0	0.0	11.0	8.0	61.0	10.0	0.0	1.0	85.0	0.0
Pleurocapsa PCC-7319	13.0	0.0	0.0	0.0	21.0	13.0	60.0	0.0	0.0	0.0	17.0	0.0
Pluralibacter	0.0	0.0	0.0	0.0	1.0	1.0	1.0	86.0	0.0	0.0	1.0	0.0
Polaromonas	99.0	15.0	0.0	1.0	212.0	138.0	193.0	1.0	0.0	20.0	119.0	1.0
Polyangium	0.0	0.0	0.0	0.0	0.0	0.0	0.0	0.0	0.0	0.0	3.0	0.0
Polycyclovorans	0.0	0.0	0.0	0.0	0.0	0.0	0.0	0.0	0.0	0.0	9.0	0.0
Polymorphobacter	0.0	0.0	0.0	0.0	3.0	4.0	0.0	0.0	0.0	1.0	3.0	0.0
Polynucleobacter	2377.0	409.0	1.0	5.0	14442.0	9668.0	7910.0	86.0	1.0	1347.0	16929.0	285.0
Pontibacter	0.0	1.0	0.0	0.0	0.0	0.0	1.0	0.0	0.0	0.0	0.0	0.0
Porphyrobacter	31.0	16.0	0.0	0.0	41.0	31.0	76.0	0.0	0.0	69.0	33.0	17.0
Porphyromonas	0.0	0.0	0.0	0.0	0.0	0.0	1.0	0.0	0.0	0.0	1.0	0.0
Portibacter	0.0	0.0	0.0	0.0	3.0	0.0	0.0	0.0	0.0	0.0	1.0	0.0
Porticoccus	1.0	0.0	0.0	0.0	2.0	0.0	0.0	0.0	0.0	0.0	1.0	0.0
Potamolinea 1PC	0.0	0.0	0.0	0.0	0.0	0.0	1.0	0.0	0.0	0.0	0.0	0.0
Pragia	0.0	0.0	0.0	0.0	0.0	0.0	2.0	0.0	0.0	0.0	3.0	0.0
Prevotella 1	19.0	0.0	0.0	0.0	8.0	1.0	2.0	0.0	0.0	1.0	2.0	0.0
Prevotella 2	0.0	0.0	0.0	0.0	0.0	1.0	0.0	0.0	0.0	0.0	0.0	0.0
Prevotella 7	1.0	0.0	0.0	0.0	1.0	3.0	1.0	0.0	0.0	0.0	0.0	0.0
Prevotella 9	20.0	1.0	0.0	0.0	31.0	22.0	3.0	0.0	0.0	2.0	19.0	0.0
Prevotellaceae Ga6A1 group	0.0	0.0	0.0	0.0	4.0	2.0	4.0	0.0	0.0	0.0	1.0	0.0
Prevotellaceae NK3B31 group	2.0	0.0	0.0	0.0	0.0	0.0	4.0	0.0	0.0	0.0	2.0	0.0
Prevotellaceae UCG-001	0.0	0.0	0.0	0.0	0.0	0.0	8.0	0.0	0.0	0.0	0.0	0.0
Prevotellaceae UCG-003	0.0	0.0	0.0	0.0	0.0	1.0	5.0	0.0	0.0	0.0	0.0	0.0
Prochlorococcus MIT9313	0.0	0.0	0.0	0.0	0.0	0.0	0.0	0.0	0.0	0.0	1.0	0.0
Profundimonas	0.0	0.0	0.0	0.0	0.0	0.0	1.0	0.0	0.0	0.0	0.0	0.0
Propionibacterium	0.0	0.0	0.0	0.0	0.0	1.0	0.0	0.0	0.0	0.0	0.0	0.0
Propioniciclava	0.0	0.0	0.0	0.0	0.0	1.0	0.0	0.0	0.0	0.0	0.0	0.0
Propionicimonas	0.0	0.0	0.0	0.0	1.0	0.0	0.0	0.0	0.0	0.0	1.0	0.0
Propionispira	0.0	0.0	0.0	0.0	10.0	35.0	55.0	0.0	0.0	3.0	89.0	0.0
Propionispora	0.0	0.0	0.0	0.0	0.0	0.0	11.0	0.0	0.0	0.0	0.0	0.0
Propionivibrio	0.0	3.0	0.0	0.0	12.0	14.0	71.0	0.0	0.0	1.0	19.0	0.0
Prosthecobacter	0.0	0.0	0.0	0.0	3.0	3.0	0.0	0.0	0.0	3.0	0.0	0.0
Prosthecomicrobium	4.0	0.0	0.0	0.0	2.0	5.0	2.0	0.0	0.0	5.0	1.0	0.0
Proteiniborus	0.0	0.0	0.0	0.0	1.0	0.0	0.0	0.0	0.0	0.0	0.0	0.0
Proteiniclasticum	1.0	0.0	0.0	0.0	9.0	8.0	0.0	0.0	0.0	0.0	12.0	0.0
Proteocatella	3.0	2.0	0.0	0.0	8.0	0.0	0.0	0.0	0.0	6.0	9.0	0.0
Proteus	0.0	0.0	0.0	0.0	0.0	0.0	12.0	2.0	0.0	0.0	14.0	1.0
Providencia	5.0	0.0	0.0	0.0	0.0	2.0	49.0	2.0	0.0	0.0	26.0	0.0
Pseudacidovorax	0.0	0.0	0.0	0.0	2.0	0.0	1.0	0.0	0.0	0.0	0.0	0.0
Pseudanabaena PCC-6802	0.0	0.0	0.0	0.0	1.0	0.0	0.0	0.0	0.0	0.0	0.0	0.0
Pseudarcicella	68359.0	7833.0	14.0	18.0	75315.0	76340.0	74531.0	614.0	9.0	46851.0	345219.0	14197.0
Pseudarthrobacter	0.0	0.0	0.0	0.0	2.0	0.0	1.0	0.0	0.0	0.0	5.0	0.0
Pseudoalteromonas	0.0	0.0	0.0	0.0	0.0	0.0	0.0	1.0	0.0	0.0	0.0	0.0
Pseudobacteroides	2.0	3.0	0.0	0.0	1.0	4.0	1.0	0.0	0.0	0.0	1.0	1.0
Pseudochrobactrum	0.0	0.0	0.0	0.0	0.0	0.0	0.0	0.0	0.0	0.0	1.0	0.0
Pseudocitrobacter	0.0	0.0	0.0	0.0	0.0	0.0	0.0	22.0	0.0	0.0	0.0	0.0
Pseudoduganella	0.0	0.0	0.0	0.0	7.0	2.0	1.0	0.0	0.0	0.0	6.0	0.0
Pseudoflavonifractor	0.0	0.0	0.0	0.0	0.0	0.0	1.0	0.0	0.0	0.0	0.0	0.0
Pseudofulvibacter	0.0	0.0	0.0	0.0	0.0	0.0	1.0	0.0	0.0	0.0	0.0	0.0
Pseudogulbenkiania	0.0	0.0	0.0	0.0	0.0	1.0	0.0	0.0	0.0	0.0	1.0	0.0
Pseudohoeflea	0.0	0.0	0.0	0.0	0.0	0.0	0.0	0.0	0.0	1.0	0.0	0.0
Pseudohongiella	41.0	7.0	0.0	0.0	71.0	48.0	67.0	2.0	0.0	3.0	63.0	1.0
Pseudolabrys	0.0	3.0	0.0	0.0	11.0	17.0	8.0	0.0	0.0	12.0	25.0	0.0
Pseudomonas	18.0	4.0	1.0	0.0	121.0	50.0	434.0	11630.0	0.0	42.0	617.0	19.0
Pseudophaeobacter	0.0	0.0	0.0	0.0	0.0	0.0	0.0	0.0	0.0	0.0	1.0	0.0
Pseudoramibacter	0.0	0.0	0.0	0.0	1.0	1.0	0.0	0.0	0.0	0.0	0.0	0.0
Pseudorhizobium	0.0	0.0	0.0	0.0	1.0	0.0	1.0	0.0	0.0	0.0	0.0	0.0
Pseudorhodobacter	2124.0	306.0	1.0	4.0	6221.0	4347.0	11723.0	140.0	2.0	3081.0	4197.0	75.0
Pseudorhodoferax	0.0	1.0	0.0	0.0	13.0	25.0	6.0	0.0	0.0	0.0	15.0	0.0
Pseudorhodoplanes	26.0	2.0	0.0	0.0	86.0	63.0	184.0	0.0	0.0	57.0	73.0	1.0
Pseudovibrio	1.0	0.0	0.0	0.0	0.0	0.0	0.0	0.0	0.0	0.0	0.0	0.0
Pseudoxanthobacter	0.0	0.0	0.0	0.0	0.0	5.0	2.0	0.0	0.0	1.0	1.0	0.0
Pseudoxanthomonas	1.0	0.0	0.0	0.0	22.0	31.0	232.0	2.0	0.0	9.0	102.0	0.0
Psychrobacillus	0.0	0.0	0.0	0.0	3.0	4.0	19.0	0.0	0.0	0.0	5.0	0.0
Psychrobacter	0.0	0.0	0.0	0.0	2.0	0.0	0.0	6.0	0.0	0.0	3.0	0.0
Psychrobium	0.0	0.0	0.0	0.0	0.0	1.0	0.0	0.0	0.0	0.0	0.0	0.0
Psychroglaciecola	0.0	0.0	0.0	0.0	0.0	0.0	1.0	0.0	0.0	0.0	0.0	0.0
Puniceicoccus	0.0	0.0	0.0	0.0	2.0	2.0	5.0	0.0	0.0	0.0	1.0	0.0
Pusillimonas	0.0	0.0	0.0	0.0	0.0	0.0	0.0	0.0	0.0	0.0	1.0	0.0
Pygmaiobacter	0.0	0.0	0.0	0.0	0.0	0.0	0.0	0.0	0.0	0.0	1.0	0.0
Qipengyuania	2.0	0.0	0.0	0.0	0.0	20.0	1.0	0.0	0.0	0.0	0.0	0.0
Quadrisphaera	0.0	0.0	0.0	0.0	0.0	2.0	0.0	0.0	0.0	0.0	0.0	0.0
Quatrionicoccus	0.0	0.0	0.0	0.0	2.0	1.0	21.0	0.0	0.0	5.0	6.0	0.0
R76-B128	0.0	0.0	0.0	0.0	0.0	0.0	0.0	0.0	0.0	0.0	2.0	0.0
RA	0.0	0.0	0.0	0.0	0.0	0.0	2.0	0.0	0.0	0.0	0.0	0.0
RB41	0.0	0.0	0.0	0.0	0.0	0.0	0.0	0.0	0.0	0.0	1.0	0.0
RBG-16-49-21	0.0	0.0	0.0	0.0	0.0	0.0	0.0	0.0	0.0	0.0	1.0	0.0
RBG-16-58-14	0.0	0.0	0.0	0.0	0.0	0.0	1.0	0.0	0.0	0.0	0.0	0.0
RS62 marine group	0.0	0.0	0.0	0.0	14.0	30.0	3.0	5.0	0.0	1.0	41.0	0.0
Rahnella	3.0	1.0	0.0	0.0	19.0	17.0	91.0	5.0	0.0	11.0	120.0	4.0
Ralstonia	0.0	0.0	0.0	0.0	1.0	0.0	3.0	0.0	0.0	0.0	5.0	27.0
Ramlibacter	124.0	50.0	0.0	0.0	241.0	192.0	153.0	1.0	0.0	8.0	113.0	0.0
Raoultella	6.0	2.0	0.0	0.0	43.0	16.0	154.0	46.0	0.0	25.0	147.0	104.0
Rathayibacter	0.0	0.0	0.0	0.0	1.0	0.0	0.0	0.0	0.0	0.0	0.0	0.0
Rehaibacterium	0.0	0.0	0.0	0.0	1.0	0.0	0.0	0.0	0.0	0.0	0.0	0.0
Reichenbachiella	0.0	0.0	0.0	0.0	0.0	0.0	2.0	0.0	0.0	0.0	0.0	0.0
Reyranella	123.0	11.0	0.0	0.0	82.0	81.0	363.0	2.0	0.0	91.0	113.0	7.0
Rheinheimera	38.0	14.0	0.0	0.0	72.0	156.0	1090.0	11.0	0.0	40.0	662.0	16.0
Rhizobacter	57.0	14.0	0.0	0.0	422.0	555.0	1235.0	9.0	1.0	88.0	1102.0	112.0
Rhizomicrobium	0.0	0.0	0.0	0.0	1.0	1.0	5.0	0.0	0.0	0.0	0.0	0.0
Rhizorhapis	3.0	4.0	0.0	0.0	12.0	9.0	47.0	1.0	0.0	8.0	17.0	0.0
Rhodanobacter	6.0	1.0	0.0	0.0	0.0	3.0	0.0	0.0	0.0	0.0	5.0	0.0
Rhodobacter	2322.0	336.0	0.0	0.0	1376.0	613.0	1105.0	33.0	0.0	309.0	397.0	5.0
Rhodobaculum	0.0	0.0	0.0	0.0	1.0	0.0	0.0	0.0	0.0	0.0	0.0	0.0
Rhodoblastus	0.0	0.0	0.0	0.0	0.0	0.0	4.0	0.0	0.0	1.0	0.0	0.0
Rhodocista	0.0	0.0	0.0	0.0	0.0	0.0	1.0	0.0	0.0	0.0	0.0	0.0
Rhodococcus	1.0	0.0	0.0	0.0	1.0	0.0	3.0	0.0	0.0	1.0	3.0	0.0
Rhodocyclus	0.0	0.0	0.0	0.0	3.0	14.0	12.0	0.0	0.0	5.0	47.0	0.0
Rhodocytophaga	0.0	0.0	0.0	0.0	0.0	3.0	0.0	0.0	0.0	0.0	1.0	0.0
Rhodoferax	933.0	244.0	0.0	0.0	6565.0	5732.0	6126.0	36.0	2.0	1013.0	6413.0	168.0
Rhodoluna	1959.0	247.0	1.0	2.0	5962.0	4739.0	8401.0	126.0	4.0	4303.0	15848.0	669.0
Rhodomicrobium	0.0	0.0	0.0	0.0	2.0	0.0	5.0	0.0	0.0	6.0	8.0	0.0
Rhodopirellula	0.0	0.0	0.0	0.0	0.0	0.0	2.0	0.0	0.0	0.0	2.0	0.0
Rhodoplanes	3.0	0.0	0.0	0.0	5.0	6.0	27.0	0.0	0.0	0.0	8.0	0.0
Rhodopseudomonas	0.0	0.0	0.0	0.0	2.0	0.0	3.0	0.0	0.0	0.0	1.0	0.0
Rhodovarius	0.0	0.0	0.0	0.0	3.0	0.0	0.0	0.0	0.0	0.0	0.0	0.0
Rhodovastum	2.0	0.0	0.0	0.0	2.0	7.0	6.0	1.0	0.0	0.0	6.0	1.0
Rhodovulum	0.0	0.0	0.0	0.0	1.0	0.0	0.0	0.0	0.0	0.0	0.0	0.0
Rickettsia	2.0	1.0	0.0	0.0	25.0	2.0	12.0	2.0	0.0	0.0	8.0	0.0
Rickettsiella	192.0	33.0	0.0	3.0	5972.0	6824.0	10245.0	70.0	0.0	466.0	6311.0	481.0
Rikenella	0.0	0.0	0.0	0.0	0.0	1.0	0.0	0.0	0.0	0.0	0.0	0.0
Rikenellaceae RC9 gut group	16.0	2.0	0.0	0.0	3.0	7.0	90.0	1.0	0.0	13.0	22.0	0.0
Rivibacter	0.0	0.0	0.0	0.0	0.0	2.0	1.0	0.0	0.0	0.0	4.0	0.0
Rivicola	9.0	5.0	0.0	0.0	25.0	55.0	48.0	0.0	0.0	31.0	184.0	0.0
Romboutsia	569.0	86.0	0.0	0.0	1084.0	1038.0	1951.0	16.0	0.0	571.0	596.0	527.0
Roseateles	0.0	0.0	0.0	0.0	3.0	4.0	5.0	0.0	0.0	0.0	3.0	0.0
Roseburia	7.0	0.0	0.0	0.0	32.0	33.0	13.0	0.0	0.0	2.0	15.0	0.0
Roseimarinus	4.0	0.0	0.0	0.0	7.0	46.0	16.0	0.0	0.0	3.0	26.0	0.0
Rosenbergiella	0.0	0.0	0.0	0.0	0.0	0.0	0.0	3.0	0.0	0.0	4.0	0.0
Roseobacter clade CHAB-I-5 lineage	3.0	0.0	0.0	0.0	0.0	1.0	1.0	0.0	0.0	0.0	0.0	0.0
Roseococcus	1.0	0.0	0.0	0.0	11.0	4.0	3.0	0.0	0.0	1.0	0.0	0.0
Roseomonas	92.0	9.0	1.0	0.0	203.0	94.0	281.0	2.0	0.0	8.0	37.0	0.0
Roseospirillum	1.0	0.0	0.0	0.0	3.0	2.0	0.0	0.0	0.0	1.0	2.0	0.0
Roseovarius	2.0	0.0	0.0	0.0	0.0	1.0	1.0	0.0	0.0	0.0	0.0	0.0
Rothia	0.0	0.0	0.0	0.0	0.0	1.0	0.0	0.0	0.0	0.0	0.0	0.0
Rubellimicrobium	3.0	0.0	0.0	1.0	19.0	15.0	33.0	1.0	0.0	0.0	5.0	0.0
Rubrimonas	0.0	0.0	0.0	0.0	0.0	0.0	0.0	0.0	0.0	1.0	0.0	0.0
Rubripirellula	0.0	0.0	0.0	0.0	3.0	0.0	0.0	0.0	0.0	0.0	5.0	0.0
Rubritalea	1.0	0.0	0.0	0.0	0.0	0.0	3.0	0.0	0.0	0.0	0.0	0.0
Rubritepida	2.0	0.0	0.0	0.0	0.0	1.0	0.0	0.0	0.0	0.0	0.0	0.0
Rubrivirga	0.0	0.0	0.0	0.0	0.0	3.0	0.0	0.0	0.0	0.0	0.0	0.0
Rubrivivax	11.0	8.0	0.0	0.0	82.0	117.0	335.0	1.0	0.0	16.0	187.0	98.0
Rubrobacter	0.0	0.0	0.0	0.0	0.0	0.0	1.0	0.0	0.0	0.0	0.0	0.0
Rudanella	0.0	0.0	0.0	0.0	1.0	0.0	0.0	0.0	0.0	0.0	0.0	0.0
Ruegeria	0.0	0.0	0.0	0.0	0.0	1.0	0.0	0.0	0.0	0.0	0.0	0.0
Rugamonas	0.0	1.0	0.0	0.0	0.0	1.0	0.0	0.0	0.0	0.0	9.0	0.0
Ruminiclostridium	7.0	1.0	0.0	0.0	18.0	12.0	28.0	0.0	0.0	0.0	12.0	0.0
Ruminiclostridium 1	45.0	3.0	0.0	0.0	73.0	99.0	173.0	1.0	0.0	23.0	38.0	0.0
Ruminiclostridium 5	6.0	0.0	0.0	0.0	2.0	6.0	5.0	0.0	0.0	3.0	1.0	0.0
Ruminiclostridium 6	0.0	0.0	0.0	0.0	3.0	3.0	0.0	0.0	0.0	0.0	4.0	0.0
Ruminiclostridium 9	1.0	0.0	0.0	0.0	33.0	7.0	8.0	0.0	0.0	0.0	6.0	0.0
Ruminococcaceae NK4A214 group	12.0	1.0	0.0	0.0	13.0	4.0	7.0	0.0	0.0	0.0	14.0	0.0
Ruminococcaceae UCG-002	1.0	0.0	0.0	0.0	6.0	0.0	0.0	0.0	0.0	0.0	5.0	0.0
Ruminococcaceae UCG-003	0.0	0.0	0.0	0.0	0.0	3.0	0.0	0.0	0.0	1.0	5.0	0.0
Ruminococcaceae UCG-004	0.0	0.0	0.0	0.0	0.0	1.0	0.0	0.0	0.0	0.0	1.0	0.0
Ruminococcaceae UCG-005	0.0	0.0	0.0	0.0	6.0	22.0	138.0	0.0	0.0	0.0	5.0	0.0
Ruminococcaceae UCG-007	0.0	0.0	0.0	0.0	0.0	1.0	0.0	0.0	0.0	0.0	0.0	0.0
Ruminococcaceae UCG-009	0.0	0.0	0.0	0.0	2.0	2.0	2.0	0.0	0.0	0.0	0.0	0.0
Ruminococcaceae UCG-010	31.0	7.0	0.0	0.0	2.0	7.0	22.0	2.0	0.0	0.0	7.0	0.0
Ruminococcaceae UCG-012	0.0	0.0	0.0	0.0	0.0	2.0	0.0	0.0	0.0	0.0	0.0	0.0
Ruminococcaceae UCG-013	8.0	1.0	0.0	0.0	15.0	13.0	47.0	1.0	0.0	0.0	9.0	0.0
Ruminococcaceae UCG-014	10.0	1.0	0.0	0.0	6.0	22.0	3.0	0.0	0.0	0.0	11.0	0.0
Ruminococcus 1	21.0	6.0	0.0	0.0	59.0	69.0	81.0	1.0	0.0	0.0	14.0	0.0
Ruminococcus 2	2.0	0.0	0.0	0.0	5.0	20.0	2.0	0.0	0.0	2.0	12.0	0.0
Rummeliibacillus	0.0	0.0	0.0	0.0	0.0	1.0	0.0	0.0	0.0	0.0	0.0	0.0
Runella	17.0	3.0	0.0	0.0	145.0	79.0	7.0	1.0	0.0	55.0	37.0	26.0
SAR92 clade	0.0	0.0	0.0	0.0	0.0	0.0	0.0	0.0	0.0	0.0	1.0	0.0
SBZC-1223	0.0	0.0	0.0	0.0	2.0	0.0	8.0	0.0	0.0	0.0	1.0	0.0
SEEP-SRB1	0.0	0.0	0.0	0.0	0.0	0.0	0.0	0.0	0.0	1.0	0.0	0.0
SH-PL14	4.0	0.0	0.0	0.0	14.0	7.0	121.0	0.0	0.0	0.0	16.0	0.0
SM1A02	1.0	0.0	0.0	0.0	27.0	36.0	33.0	0.0	0.0	1.0	22.0	0.0
SM23-31	0.0	0.0	0.0	0.0	4.0	0.0	0.0	0.0	0.0	0.0	1.0	0.0
SN8	0.0	0.0	0.0	0.0	1.0	6.0	0.0	0.0	0.0	0.0	0.0	0.0
SUP05 cluster	0.0	0.0	0.0	0.0	0.0	0.0	0.0	0.0	0.0	0.0	1.0	0.0
SV1-3	0.0	0.0	0.0	0.0	1.0	3.0	0.0	0.0	0.0	0.0	2.0	0.0
Saccharibacillus	0.0	0.0	0.0	0.0	10.0	23.0	61.0	0.0	0.0	0.0	39.0	0.0
Saccharofermentans	5.0	1.0	0.0	0.0	33.0	16.0	14.0	0.0	0.0	0.0	2.0	0.0
Saccharomonospora	0.0	0.0	0.0	0.0	0.0	0.0	0.0	0.0	0.0	7.0	0.0	0.0
Salinarimonas	3.0	0.0	0.0	0.0	2.0	1.0	0.0	0.0	0.0	0.0	0.0	0.0
Salinibacter	0.0	0.0	0.0	0.0	0.0	0.0	0.0	2.0	0.0	0.0	0.0	0.0
Salinibacterium	0.0	0.0	0.0	0.0	0.0	0.0	0.0	0.0	0.0	0.0	2.0	0.0
Salinimicrobium	0.0	0.0	0.0	0.0	0.0	5.0	0.0	0.0	0.0	0.0	0.0	0.0
Salinirepens	0.0	0.0	0.0	0.0	0.0	2.0	0.0	0.0	0.0	0.0	0.0	0.0
Salinispira	1.0	0.0	0.0	0.0	6.0	7.0	13.0	0.0	0.0	1.0	7.0	0.0
Salmonella	16.0	10.0	1.0	3.0	69.0	75.0	45.0	474321.0	34.0	13.0	97.0	9.0
Sandaracinobacter	0.0	0.0	0.0	0.0	2.0	0.0	0.0	0.0	0.0	0.0	2.0	0.0
Sandaracinus	0.0	0.0	0.0	0.0	6.0	5.0	84.0	1.0	0.0	0.0	18.0	1.0
Sandarakinorhabdus	38.0	4.0	0.0	0.0	112.0	25.0	3.0	0.0	0.0	4.0	13.0	0.0
Sanguibacter	0.0	0.0	0.0	0.0	0.0	3.0	0.0	0.0	0.0	2.0	6.0	0.0
Sarcina	0.0	0.0	0.0	0.0	2.0	3.0	0.0	0.0	0.0	0.0	3.0	0.0
Schizothrix LEGE 07164	8.0	0.0	0.0	0.0	8.0	3.0	3.0	0.0	0.0	0.0	3.0	0.0
Schlegelella	0.0	0.0	0.0	0.0	1.0	0.0	0.0	0.0	0.0	0.0	0.0	0.0
Schleiferia	0.0	0.0	0.0	0.0	0.0	1.0	0.0	0.0	0.0	0.0	0.0	0.0
Schlesneria	0.0	0.0	0.0	0.0	1.0	3.0	10.0	0.0	0.0	0.0	0.0	0.0
Schumannella	0.0	0.0	0.0	0.0	0.0	0.0	0.0	0.0	0.0	0.0	2.0	0.0
Schwartzia	0.0	0.0	0.0	0.0	0.0	2.0	2.0	0.0	0.0	0.0	2.0	0.0
Sedimentibacter	3.0	0.0	0.0	0.0	1.0	1.0	11.0	0.0	0.0	0.0	1.0	0.0
Sedimenticola	0.0	0.0	0.0	0.0	0.0	0.0	1.0	0.0	0.0	0.0	0.0	0.0
Sediminibacterium	1503.0	175.0	1.0	1.0	985.0	814.0	608.0	12.0	0.0	229.0	966.0	125.0
Sediminicola	0.0	0.0	0.0	0.0	0.0	0.0	0.0	0.0	0.0	0.0	7.0	0.0
Segetibacter	0.0	0.0	0.0	0.0	3.0	2.0	2.0	0.0	0.0	0.0	0.0	0.0
Seleniivibrio	0.0	0.0	0.0	0.0	1.0	0.0	0.0	0.0	0.0	0.0	4.0	0.0
Selenomonas	0.0	0.0	0.0	0.0	9.0	55.0	2.0	0.0	0.0	0.0	3.0	0.0
Sellimonas	0.0	1.0	0.0	0.0	3.0	4.0	3.0	0.0	0.0	0.0	0.0	0.0
Serratia	28.0	2.0	0.0	0.0	96.0	46.0	373.0	64.0	0.0	36.0	549.0	3.0
Sh765B-TzT-35	0.0	0.0	0.0	0.0	7.0	15.0	29.0	0.0	0.0	0.0	3.0	0.0
Shewanella	0.0	0.0	0.0	0.0	0.0	0.0	24.0	6.0	0.0	0.0	5.0	0.0
Shimazuella	0.0	0.0	0.0	0.0	1.0	1.0	0.0	0.0	0.0	0.0	1.0	0.0
Shimwellia	0.0	0.0	0.0	0.0	0.0	0.0	1.0	43.0	0.0	0.0	1.0	0.0
Shinella	3.0	0.0	0.0	0.0	26.0	10.0	79.0	0.0	0.0	6.0	17.0	0.0
Shuttleworthia	0.0	0.0	0.0	0.0	0.0	1.0	0.0	0.0	0.0	0.0	0.0	0.0
Siccibacter	0.0	0.0	0.0	0.0	0.0	0.0	0.0	12.0	0.0	0.0	1.0	0.0
Sideroxydans	0.0	0.0	0.0	0.0	79.0	109.0	195.0	2.0	0.0	22.0	135.0	0.0
Silanimonas	21.0	1.0	0.0	0.0	20.0	24.0	77.0	0.0	0.0	0.0	51.0	0.0
Silvanigrella	1.0	0.0	0.0	0.0	29.0	25.0	13.0	0.0	0.0	14.0	22.0	0.0
Simplicispira	23.0	22.0	0.0	0.0	232.0	195.0	167.0	2.0	0.0	62.0	362.0	7.0
Singulisphaera	0.0	0.0	0.0	0.0	0.0	6.0	22.0	0.0	0.0	1.0	12.0	0.0
Sinomonas	0.0	0.0	0.0	0.0	0.0	1.0	0.0	0.0	0.0	0.0	0.0	0.0
Siphonobacter	0.0	0.0	0.0	0.0	3.0	0.0	8.0	0.0	0.0	0.0	0.0	0.0
Skermanella	6.0	0.0	0.0	0.0	16.0	16.0	28.0	0.0	0.0	0.0	26.0	132.0
Smithella	1.0	0.0	0.0	0.0	25.0	34.0	50.0	0.0	0.0	0.0	18.0	0.0
Snodgrassella	0.0	0.0	0.0	0.0	0.0	1.0	0.0	0.0	0.0	0.0	0.0	0.0
Sodalis	0.0	1.0	0.0	0.0	0.0	0.0	1.0	9.0	1.0	0.0	3.0	0.0
Soehngenia	2.0	0.0	0.0	0.0	0.0	0.0	0.0	0.0	0.0	0.0	0.0	0.0
Solibacillus	0.0	0.0	0.0	0.0	10.0	3.0	0.0	1.0	0.0	0.0	5.0	0.0
Solimonas	0.0	0.0	0.0	0.0	0.0	0.0	0.0	0.0	0.0	0.0	2.0	0.0
Solirubrobacter	0.0	0.0	0.0	0.0	0.0	0.0	42.0	0.0	0.0	0.0	1.0	0.0
Solitalea	79.0	6.0	0.0	0.0	91.0	161.0	148.0	3.0	0.0	132.0	403.0	17.0
Solobacterium	0.0	0.0	0.0	0.0	1.0	0.0	0.0	0.0	0.0	0.0	0.0	0.0
Sorangium	0.0	0.0	0.0	0.0	1.0	0.0	0.0	0.0	0.0	0.0	0.0	0.0
Sphaerochaeta	0.0	0.0	0.0	0.0	0.0	0.0	0.0	1.0	0.0	0.0	0.0	0.0
Sphaerotilus	15.0	2.0	0.0	0.0	316.0	864.0	668.0	4.0	0.0	40.0	478.0	245.0
Sphingoaurantiacus	0.0	2.0	0.0	0.0	0.0	1.0	1.0	0.0	0.0	3.0	0.0	0.0
Sphingobacterium	0.0	0.0	0.0	0.0	1.0	2.0	0.0	0.0	0.0	0.0	7.0	0.0
Sphingobium	62.0	0.0	0.0	0.0	71.0	57.0	160.0	1.0	0.0	52.0	84.0	0.0
Sphingomonas	182.0	6.0	0.0	0.0	42.0	45.0	293.0	5.0	0.0	37.0	40.0	209.0
Sphingopyxis	85.0	29.0	0.0	0.0	200.0	197.0	139.0	2.0	0.0	55.0	160.0	2.0
Sphingorhabdus	8418.0	1009.0	0.0	0.0	6672.0	3780.0	5981.0	71.0	0.0	3872.0	6358.0	228.0
Sphingosinicella	0.0	0.0	0.0	0.0	0.0	0.0	5.0	0.0	0.0	0.0	0.0	0.0
Spirochaeta 2	2.0	0.0	0.0	0.0	11.0	10.0	30.0	0.0	0.0	0.0	12.0	0.0
Spirosoma	0.0	1.0	0.0	0.0	0.0	0.0	0.0	0.0	0.0	0.0	1.0	0.0
Spongiimonas	0.0	0.0	0.0	0.0	0.0	0.0	0.0	0.0	0.0	0.0	1.0	0.0
Sporacetigenium	1.0	2.0	0.0	0.0	0.0	2.0	30.0	0.0	0.0	0.0	2.0	0.0
Sporichthya	0.0	0.0	0.0	1.0	3.0	5.0	7.0	0.0	0.0	2.0	6.0	0.0
Sporobacter	0.0	0.0	0.0	0.0	12.0	25.0	118.0	0.0	0.0	3.0	7.0	0.0
Sporocytophaga	1.0	1.0	0.0	0.0	3.0	5.0	47.0	0.0	0.0	2.0	32.0	0.0
Sporomusa	5.0	0.0	0.0	0.0	22.0	44.0	55.0	0.0	0.0	4.0	19.0	0.0
Sporosarcina	0.0	0.0	0.0	0.0	45.0	39.0	100.0	0.0	0.0	5.0	20.0	0.0
Staphylococcus	20.0	8.0	5.0	4.0	71.0	59.0	20.0	157571.0	1.0	6.0	91.0	0.0
Stappia	0.0	0.0	0.0	0.0	2.0	0.0	0.0	0.0	0.0	0.0	0.0	0.0
Starkeya	0.0	0.0	0.0	0.0	1.0	0.0	12.0	0.0	0.0	0.0	2.0	0.0
Stella	34.0	4.0	0.0	0.0	5.0	5.0	16.0	0.0	0.0	5.0	11.0	0.0
Stenotrophobacter	4.0	0.0	0.0	0.0	1.0	3.0	0.0	0.0	0.0	0.0	1.0	0.0
Stenotrophomonas	1.0	0.0	0.0	0.0	18.0	34.0	53.0	1.0	0.0	11.0	151.0	0.0
Steroidobacter	0.0	0.0	0.0	0.0	0.0	3.0	22.0	1.0	0.0	2.0	19.0	135.0
Sterolibacterium	12.0	1.0	0.0	0.0	42.0	122.0	144.0	1.0	0.0	10.0	211.0	1.0
Stigmatella	0.0	0.0	0.0	0.0	1.0	1.0	0.0	0.0	0.0	0.0	0.0	0.0
Streptococcus	20.0	2.0	0.0	0.0	24.0	28.0	22.0	7.0	0.0	15.0	46.0	3.0
Streptomyces	0.0	0.0	0.0	0.0	7.0	17.0	7.0	0.0	0.0	7.0	6.0	0.0
Subdoligranulum	29.0	5.0	0.0	0.0	71.0	54.0	19.0	1.0	0.0	43.0	74.0	0.0
Subgroup 10	2.0	0.0	0.0	0.0	15.0	7.0	12.0	0.0	0.0	9.0	2.0	0.0
Subgroup 23	0.0	0.0	0.0	0.0	19.0	10.0	20.0	0.0	0.0	0.0	1.0	2.0
Subtercola	0.0	0.0	0.0	0.0	0.0	0.0	0.0	0.0	0.0	0.0	1.0	0.0
Succiniclasticum	0.0	0.0	0.0	0.0	0.0	1.0	0.0	0.0	0.0	0.0	0.0	0.0
Succinivibrio	0.0	0.0	0.0	0.0	1.0	0.0	0.0	0.0	0.0	0.0	0.0	0.0
Sulfitobacter	0.0	0.0	0.0	0.0	0.0	0.0	0.0	0.0	0.0	1.0	0.0	0.0
Sulfuricella	0.0	0.0	0.0	0.0	32.0	73.0	48.0	1.0	0.0	6.0	67.0	0.0
Sulfuricurvum	484.0	45.0	1.0	1.0	1521.0	1523.0	4268.0	19.0	1.0	527.0	951.0	2.0
Sulfuriferula	0.0	1.0	0.0	0.0	4.0	3.0	15.0	0.0	0.0	0.0	1.0	0.0
Sulfurifustis	2.0	0.0	0.0	0.0	11.0	13.0	28.0	0.0	0.0	0.0	11.0	0.0
Sulfurimonas	165.0	14.0	1.0	0.0	643.0	620.0	1605.0	8.0	0.0	135.0	1028.0	1.0
Sulfurisoma	5.0	4.0	0.0	0.0	21.0	25.0	43.0	0.0	0.0	4.0	28.0	0.0
Sulfuritalea	93.0	11.0	1.0	0.0	563.0	744.0	885.0	8.0	1.0	129.0	2036.0	17.0
Sulfurospirillum	597.0	55.0	0.0	0.0	359.0	361.0	1176.0	5.0	0.0	226.0	771.0	67.0
Sulfurovum	1.0	1.0	0.0	0.0	28.0	23.0	45.0	0.0	0.0	7.0	27.0	0.0
Sunxiuqinia	0.0	0.0	0.0	0.0	0.0	0.0	0.0	0.0	0.0	0.0	1.0	0.0
Sutterella	0.0	0.0	0.0	0.0	0.0	0.0	1.0	0.0	0.0	0.0	2.0	0.0
Sva0081 sediment group	5.0	0.0	0.0	0.0	20.0	23.0	39.0	1.0	0.0	4.0	23.0	0.0
Sva0996 marine group	0.0	0.0	0.0	0.0	0.0	0.0	5.0	0.0	0.0	6.0	0.0	0.0
Swaminathania	0.0	0.0	0.0	0.0	1.0	1.0	1.0	0.0	0.0	0.0	2.0	0.0
Symbiobacterium	0.0	0.0	0.0	0.0	2.0	5.0	0.0	0.0	0.0	0.0	0.0	0.0
Symphothece PCC-7002	0.0	0.0	0.0	0.0	1.0	3.0	28.0	1.0	0.0	0.0	0.0	0.0
Synechococcus CC9902	1.0	0.0	0.0	0.0	0.0	0.0	0.0	0.0	0.0	0.0	0.0	0.0
Synechococcus IR11	0.0	0.0	0.0	0.0	0.0	0.0	1.0	0.0	0.0	0.0	0.0	0.0
Synechocystis PCC-6803	1.0	0.0	0.0	0.0	0.0	11.0	0.0	0.0	0.0	0.0	1.0	0.0
Syntrophobacter	1.0	0.0	0.0	0.0	8.0	10.0	6.0	0.0	0.0	1.0	2.0	0.0
Syntrophomonas	1.0	0.0	0.0	0.0	1.0	2.0	1.0	0.0	0.0	0.0	0.0	0.0
Syntrophorhabdus	0.0	0.0	0.0	0.0	21.0	17.0	82.0	0.0	0.0	0.0	1.0	0.0
Syntrophus	1.0	0.0	0.0	0.0	99.0	55.0	139.0	1.0	0.0	0.0	31.0	0.0
TPD-58	0.0	0.0	0.0	0.0	13.0	14.0	2.0	0.0	0.0	0.0	4.0	20.0
Tabrizicola	1678.0	227.0	1.0	2.0	3226.0	1821.0	3518.0	55.0	0.0	542.0	774.0	35.0
Taeseokella	0.0	0.0	0.0	0.0	1.0	0.0	2.0	0.0	0.0	0.0	1.0	0.0
Tagaea	0.0	0.0	0.0	0.0	0.0	0.0	0.0	0.0	0.0	1.0	0.0	0.0
Tahibacter	0.0	1.0	0.0	0.0	7.0	7.0	14.0	0.0	0.0	1.0	5.0	0.0
Taibaiella	0.0	0.0	0.0	0.0	1.0	0.0	0.0	0.0	0.0	0.0	0.0	0.0
Taonella	11.0	0.0	0.0	0.0	5.0	2.0	21.0	0.0	0.0	0.0	1.0	0.0
Tatumella	0.0	0.0	0.0	0.0	0.0	0.0	0.0	7.0	0.0	0.0	0.0	0.0
Telmatospirillum	7.0	0.0	0.0	0.0	0.0	1.0	24.0	0.0	0.0	1.0	3.0	0.0
Tepidimicrobium	0.0	0.0	0.0	0.0	1.0	1.0	1.0	0.0	0.0	0.0	1.0	0.0
Tepidiphilus	0.0	0.0	0.0	0.0	0.0	2.0	0.0	0.0	0.0	0.0	0.0	0.0
Terribacillus	0.0	0.0	0.0	0.0	0.0	0.0	0.0	1.0	0.0	0.0	0.0	0.0
Terriglobus	0.0	0.0	0.0	0.0	0.0	1.0	0.0	1.0	0.0	0.0	2.0	0.0
Terrimonas	77.0	13.0	0.0	0.0	318.0	334.0	301.0	1.0	0.0	72.0	245.0	10.0
Terrisporobacter	6.0	0.0	0.0	0.0	27.0	22.0	1.0	0.0	0.0	2.0	3.0	0.0
Tessaracoccus	2.0	0.0	0.0	0.0	0.0	8.0	0.0	0.0	0.0	0.0	7.0	0.0
Tetragenococcus	0.0	0.0	0.0	0.0	0.0	0.0	0.0	1.0	0.0	0.0	0.0	0.0
Tetrasphaera	8.0	1.0	0.0	0.0	5.0	3.0	21.0	0.0	0.0	3.0	6.0	1.0
Thalassospira	0.0	0.0	0.0	0.0	1.0	0.0	0.0	0.0	0.0	0.0	0.0	0.0
Thauera	99.0	23.0	0.0	0.0	57.0	69.0	61.0	1.0	0.0	11.0	78.0	0.0
Thermoanaerobaculum	0.0	0.0	0.0	0.0	8.0	11.0	0.0	0.0	0.0	0.0	4.0	0.0
Thermobacillus	0.0	0.0	0.0	0.0	3.0	1.0	10.0	0.0	0.0	0.0	0.0	0.0
Thermolongibacillus	0.0	0.0	0.0	0.0	0.0	1.0	0.0	0.0	0.0	0.0	0.0	0.0
Thermomonas	38.0	4.0	0.0	0.0	205.0	192.0	348.0	5.0	0.0	32.0	284.0	0.0
Thermophagus	0.0	0.0	0.0	0.0	0.0	0.0	1.0	0.0	0.0	0.0	1.0	0.0
Thermus	0.0	0.0	0.0	0.0	0.0	0.0	0.0	1.0	0.0	0.0	0.0	0.0
Thioalkalispira	0.0	0.0	0.0	0.0	0.0	0.0	1.0	0.0	0.0	0.0	1.0	0.0
Thioalkalivibrio	0.0	0.0	0.0	0.0	0.0	1.0	0.0	0.0	0.0	0.0	0.0	0.0
Thiobaca	0.0	0.0	0.0	0.0	0.0	0.0	0.0	0.0	0.0	1.0	1.0	0.0
Thiobacillus	1.0	3.0	0.0	0.0	59.0	86.0	67.0	5.0	0.0	21.0	74.0	0.0
Thiobacter	0.0	0.0	0.0	0.0	0.0	0.0	1.0	0.0	0.0	1.0	0.0	0.0
Thiocapsa	0.0	0.0	0.0	0.0	0.0	2.0	0.0	0.0	0.0	3.0	7.0	0.0
Thioclava	0.0	0.0	0.0	0.0	3.0	5.0	9.0	1.0	0.0	3.0	8.0	0.0
Thiofaba	0.0	0.0	0.0	0.0	0.0	1.0	0.0	0.0	0.0	0.0	0.0	0.0
Thioflexothrix	0.0	0.0	0.0	0.0	0.0	0.0	0.0	1.0	0.0	0.0	0.0	0.0
Thiogranum	0.0	0.0	0.0	0.0	2.0	0.0	5.0	0.0	0.0	0.0	0.0	0.0
Thiohalocapsa	0.0	0.0	0.0	0.0	0.0	1.0	0.0	0.0	0.0	0.0	0.0	0.0
Thiohalomonas	0.0	0.0	0.0	0.0	0.0	1.0	0.0	0.0	0.0	0.0	0.0	0.0
Thiomonas	1.0	0.0	0.0	0.0	0.0	4.0	3.0	0.0	0.0	0.0	1.0	0.0
Thiothrix	9.0	1.0	0.0	0.0	10.0	15.0	0.0	0.0	0.0	6.0	58.0	0.0
Thorsellia	0.0	0.0	0.0	0.0	0.0	0.0	0.0	0.0	0.0	0.0	5.0	0.0
Tibeticola	27.0	6.0	0.0	0.0	184.0	159.0	33.0	1.0	0.0	1.0	35.0	0.0
Tissierella	0.0	0.0	0.0	0.0	0.0	0.0	0.0	0.0	0.0	2.0	0.0	0.0
Tistlia	0.0	0.0	0.0	0.0	4.0	2.0	0.0	0.0	0.0	1.0	1.0	0.0
Tistrella	1.0	0.0	0.0	0.0	3.0	2.0	0.0	0.0	0.0	1.0	0.0	0.0
Tolumonas	96.0	12.0	0.0	0.0	81.0	87.0	737.0	11.0	0.0	154.0	1825.0	0.0
Trabulsiella	0.0	0.0	0.0	0.0	0.0	0.0	0.0	37.0	0.0	0.0	1.0	0.0
Treponema	0.0	0.0	0.0	0.0	1.0	9.0	3.0	0.0	0.0	0.0	9.0	0.0
Treponema 2	3.0	0.0	0.0	0.0	0.0	0.0	1.0	0.0	0.0	0.0	10.0	0.0
Trichococcus	40.0	5.0	0.0	0.0	150.0	228.0	41.0	6.0	0.0	19.0	133.0	26.0
Tropicimonas	0.0	0.0	0.0	0.0	19.0	10.0	42.0	0.0	0.0	0.0	10.0	0.0
Truepera	1.0	0.0	0.0	0.0	2.0	17.0	103.0	1.0	0.0	0.0	2.0	0.0
Tuberibacillus	0.0	0.0	0.0	0.0	0.0	0.0	2.0	0.0	0.0	0.0	0.0	0.0
Tumebacillus	0.0	0.0	0.0	0.0	10.0	4.0	11.0	0.0	0.0	0.0	1.0	0.0
Turicibacter	2.0	0.0	0.0	0.0	4.0	9.0	0.0	0.0	0.0	7.0	0.0	0.0
Turneriella	0.0	0.0	0.0	0.0	0.0	0.0	0.0	0.0	0.0	0.0	2.0	0.0
Tychonema CCAP 1459-11B	18.0	19.0	0.0	0.0	11.0	1.0	0.0	0.0	0.0	0.0	0.0	0.0
Tyzzerella	0.0	0.0	0.0	0.0	0.0	0.0	1.0	0.0	0.0	0.0	1.0	0.0
Tyzzerella 3	0.0	0.0	0.0	0.0	13.0	20.0	35.0	1.0	0.0	0.0	15.0	0.0
Tyzzerella 4	0.0	2.0	0.0	0.0	0.0	4.0	8.0	0.0	0.0	0.0	2.0	0.0
U29-B03	25.0	0.0	0.0	0.0	2.0	3.0	0.0	0.0	0.0	0.0	1.0	0.0
UBA1819	0.0	0.0	0.0	0.0	0.0	0.0	0.0	0.0	0.0	0.0	3.0	0.0
UBA6140	0.0	0.0	0.0	0.0	19.0	15.0	1.0	0.0	0.0	0.0	1.0	0.0
UC5-1-2E3	0.0	0.0	0.0	0.0	0.0	1.0	0.0	0.0	0.0	0.0	0.0	0.0
UKL13-1	1.0	0.0	0.0	0.0	3.0	5.0	1.0	0.0	0.0	6.0	17.0	0.0
UTBCD1	0.0	0.0	0.0	0.0	4.0	3.0	2.0	0.0	0.0	0.0	4.0	0.0
Uliginosibacterium	24.0	5.0	0.0	0.0	239.0	229.0	911.0	4.0	0.0	115.0	599.0	8.0
Undibacterium	74.0	14.0	0.0	0.0	232.0	401.0	368.0	4.0	0.0	25.0	527.0	18.0
Urania-1B-19 marine sediment group	0.0	0.0	0.0	0.0	1.0	0.0	0.0	0.0	0.0	0.0	0.0	0.0
Ureibacillus	0.0	0.0	0.0	0.0	2.0	4.0	1.0	0.0	0.0	1.0	0.0	0.0
Uruburuella	0.0	0.0	0.0	0.0	0.0	3.0	0.0	0.0	0.0	1.0	6.0	0.0
Vagococcus	0.0	0.0	0.0	0.0	0.0	0.0	0.0	3.0	0.0	0.0	1.0	0.0
Variovorax	5.0	4.0	0.0	0.0	84.0	131.0	104.0	4.0	0.0	9.0	203.0	1.0
Veillonella	1.0	0.0	0.0	0.0	0.0	0.0	0.0	0.0	0.0	1.0	1.0	0.0
Verminephrobacter	0.0	0.0	0.0	0.0	2.0	2.0	1.0	0.0	0.0	0.0	1.0	0.0
Verruc-01	7.0	1.0	0.0	0.0	70.0	80.0	188.0	0.0	0.0	7.0	38.0	21.0
Verticia	5.0	4.0	0.0	0.0	10.0	14.0	28.0	0.0	0.0	3.0	70.0	0.0
Vibrio	1.0	0.0	0.0	0.0	0.0	0.0	0.0	102.0	0.0	0.0	6.0	0.0
Victivallis	0.0	0.0	0.0	0.0	0.0	1.0	0.0	0.0	0.0	0.0	2.0	0.0
Viridibacillus	0.0	0.0	0.0	0.0	0.0	0.0	0.0	1.0	0.0	0.0	0.0	0.0
Vitreoscilla	0.0	0.0	0.0	0.0	1.0	3.0	1.0	0.0	0.0	2.0	3.0	0.0
Vogesella	19.0	3.0	0.0	0.0	102.0	111.0	576.0	1.0	0.0	72.0	458.0	8.0
Vulcaniibacterium	0.0	0.0	0.0	0.0	0.0	0.0	0.0	0.0	0.0	0.0	2.0	0.0
Vulgatibacter	0.0	0.0	0.0	0.0	1.0	1.0	0.0	0.0	0.0	0.0	0.0	0.0
WCHB1-32	4.0	2.0	0.0	0.0	20.0	51.0	28.0	0.0	0.0	5.0	36.0	0.0
Weissella	0.0	0.0	0.0	0.0	0.0	0.0	1.0	0.0	0.0	0.0	0.0	0.0
Wenxinia	0.0	0.0	0.0	0.0	0.0	0.0	3.0	0.0	0.0	0.0	0.0	0.0
Wenyingzhuangia	0.0	0.0	0.0	0.0	0.0	0.0	0.0	0.0	0.0	0.0	2.0	0.0
Williamsia	0.0	0.0	0.0	0.0	0.0	2.0	0.0	0.0	0.0	0.0	4.0	0.0
Woeseia	4.0	0.0	0.0	0.0	22.0	25.0	24.0	0.0	0.0	4.0	37.0	1.0
Wohlfahrtiimonas	0.0	0.0	0.0	0.0	1.0	5.0	2.0	0.0	0.0	0.0	1.0	0.0
XBB1006	0.0	0.0	0.0	0.0	1.0	3.0	0.0	0.0	0.0	1.0	7.0	0.0
XZXXH163	0.0	0.0	0.0	0.0	1.0	0.0	0.0	0.0	0.0	0.0	2.0	0.0
Xanthobacter	17.0	0.0	0.0	0.0	36.0	16.0	91.0	0.0	0.0	18.0	62.0	0.0
Xanthomonas	0.0	0.0	0.0	0.0	1.0	3.0	22.0	0.0	0.0	0.0	5.0	0.0
Xenophilus	0.0	0.0	0.0	0.0	4.0	3.0	5.0	0.0	0.0	1.0	6.0	0.0
Xenorhabdus	0.0	0.0	0.0	0.0	0.0	0.0	2.0	3.0	0.0	0.0	2.0	0.0
Xylella	0.0	0.0	0.0	0.0	0.0	1.0	0.0	0.0	0.0	0.0	0.0	0.0
Xylophilus	0.0	0.0	0.0	0.0	12.0	25.0	16.0	0.0	0.0	0.0	24.0	0.0
Yersinia	9.0	1.0	0.0	0.0	12.0	8.0	43.0	4.0	0.0	10.0	144.0	37.0
Yimella	0.0	0.0	0.0	0.0	0.0	2.0	0.0	0.0	0.0	0.0	0.0	0.0
Yokenella	1.0	0.0	0.0	0.0	3.0	0.0	21.0	3.0	0.0	1.0	23.0	0.0
Yonghaparkia	0.0	0.0	0.0	0.0	6.0	1.0	2.0	0.0	0.0	0.0	1.0	0.0
Youhaiella	0.0	0.0	0.0	0.0	0.0	1.0	3.0	0.0	0.0	0.0	0.0	0.0
Youngiibacter	0.0	0.0	0.0	0.0	3.0	2.0	15.0	1.0	0.0	0.0	1.0	0.0
Z-35	3.0	1.0	0.0	0.0	23.0	25.0	53.0	0.0	0.0	1.0	33.0	1.0
Z114MB74	0.0	0.0	0.0	0.0	0.0	1.0	0.0	0.0	0.0	0.0	0.0	0.0
ZOR0006	0.0	0.0	0.0	0.0	0.0	0.0	0.0	0.0	0.0	0.0	1.0	0.0
Zavarzinella	0.0	0.0	0.0	0.0	9.0	3.0	95.0	0.0	0.0	0.0	12.0	0.0
Zavarzinia	0.0	0.0	0.0	0.0	2.0	0.0	0.0	0.0	0.0	0.0	0.0	0.0
Zhizhongheella	0.0	0.0	0.0	0.0	0.0	0.0	1.0	0.0	0.0	0.0	2.0	0.0
Zoogloea	453.0	153.0	0.0	0.0	166.0	429.0	132.0	5.0	0.0	13.0	371.0	96.0
Zymophilus	0.0	0.0	0.0	0.0	2.0	7.0	12.0	0.0	0.0	2.0	8.0	0.0
[Acetivibrio] ethanolgignens group	0.0	0.0	0.0	0.0	0.0	0.0	0.0	0.0	0.0	0.0	1.0	0.0
[Agitococcus] lubricus group	2.0	2.0	0.0	0.0	0.0	0.0	0.0	0.0	0.0	0.0	13.0	0.0
[Aquaspirillum] arcticum group	0.0	0.0	0.0	0.0	3.0	2.0	4.0	0.0	0.0	0.0	11.0	1.0
[Aquaspirillum] polymorphum group	0.0	0.0	0.0	0.0	0.0	4.0	5.0	0.0	0.0	0.0	0.0	0.0
[Cytophaga] xylanolytica group	1.0	1.0	0.0	0.0	12.0	6.0	2.0	0.0	0.0	0.0	13.0	0.0
[Desulfobacterium] catecholicum group	0.0	0.0	0.0	0.0	2.0	4.0	8.0	0.0	0.0	1.0	4.0	0.0
[Eubacterium] brachy group	15.0	4.0	0.0	0.0	19.0	23.0	22.0	0.0	0.0	0.0	11.0	0.0
[Eubacterium] coprostanoligenes group	14.0	0.0	0.0	0.0	24.0	8.0	21.0	0.0	0.0	0.0	3.0	0.0
[Eubacterium] eligens group	8.0	0.0	0.0	0.0	9.0	7.0	0.0	0.0	0.0	0.0	2.0	0.0
[Eubacterium] fissicatena group	0.0	0.0	0.0	0.0	1.0	0.0	0.0	0.0	0.0	0.0	0.0	0.0
[Eubacterium] hallii group	3.0	0.0	0.0	0.0	16.0	11.0	0.0	0.0	0.0	0.0	4.0	0.0
[Eubacterium] nodatum group	0.0	0.0	0.0	0.0	0.0	1.0	8.0	1.0	0.0	0.0	0.0	0.0
[Eubacterium] oxidoreducens group	0.0	0.0	0.0	0.0	0.0	0.0	0.0	0.0	0.0	0.0	1.0	0.0
[Eubacterium] ruminantium group	0.0	0.0	0.0	0.0	7.0	5.0	18.0	0.0	0.0	0.0	0.0	0.0
[Eubacterium] ventriosum group	1.0	0.0	0.0	0.0	6.0	3.0	1.0	0.0	0.0	0.0	0.0	0.0
[Eubacterium] xylanophilum group	0.0	0.0	0.0	0.0	1.0	1.0	0.0	0.0	0.0	0.0	2.0	0.0
[Polyangium] brachysporum group	0.0	0.0	0.0	0.0	4.0	4.0	4.0	0.0	0.0	0.0	11.0	0.0
[Ruminococcus] gauvreauii group	1.0	1.0	0.0	0.0	8.0	15.0	0.0	1.0	0.0	4.0	6.0	0.0
[Ruminococcus] gnavus group	0.0	0.0	0.0	0.0	5.0	20.0	7.0	0.0	0.0	0.0	0.0	0.0
[Ruminococcus] torques group	11.0	1.0	0.0	0.0	24.0	10.0	7.0	0.0	0.0	0.0	10.0	4.0
alphaI cluster	124.0	17.0	0.0	0.0	268.0	103.0	362.0	4.0	0.0	69.0	82.0	0.0
dgA-11 gut group	29.0	2.0	0.0	0.0	0.0	3.0	2.0	0.0	0.0	3.0	6.0	0.0
endosymbionts1	0.0	0.0	0.0	0.0	0.0	0.0	0.0	1.0	0.0	0.0	0.0	0.0
endosymbionts2	0.0	0.0	0.0	0.0	0.0	0.0	0.0	1.0	0.0	0.0	0.0	0.0
endosymbionts8	0.0	0.0	0.0	0.0	0.0	0.0	11.0	1.0	0.0	0.0	0.0	0.0
hgcI clade	8930.0	1336.0	5.0	3.0	3918.0	3160.0	4703.0	70.0	4.0	2492.0	4779.0	132.0
mle1-7	0.0	0.0	0.0	0.0	6.0	16.0	13.0	0.0	0.0	0.0	16.0	0.0
oc32	3.0	0.0	0.0	0.0	20.0	27.0	152.0	0.0	0.0	0.0	16.0	0.0
possible genus 03	1.0	1.0	0.0	0.0	1.0	1.0	0.0	0.0	0.0	1.0	0.0	0.0
possible genus 04	0.0	3.0	0.0	0.0	5.0	17.0	35.0	0.0	0.0	2.0	70.0	0.0
possible genus 06	0.0	0.0	0.0	0.0	0.0	0.0	0.0	0.0	0.0	0.0	2.0	0.0
uncultured	10873.0	1850.0	8.0	7.0	35824.0	23820.0	33842.0	306.0	3.0	3828.0	21127.0	1650.0
wb1-P19	0.0	0.0	0.0	0.0	0.0	0.0	0.0	0.0	0.0	0.0	5.0	0.0
