	9.1	9.2	8	7	6	5	4	P	3	2	1	N
1174-901-12	0.0	0.0	0.0	2.0	0.0	0.0	0.0	0.0	0.0	0.0	0.0	0.0
966-1	0.0	0.0	18.0	12.0	0.0	8.0	11.0	0.0	1.0	92.0	0.0	0.0
A7P-90m	0.0	0.0	1.0	0.0	0.0	0.0	0.0	0.0	0.0	0.0	1.0	0.0
AAP99	7.0	3.0	453.0	22.0	0.0	57.0	22.0	0.0	19.0	93.0	13.0	0.0
ADurb.Bin063-1	0.0	0.0	0.0	2.0	0.0	0.0	0.0	0.0	0.0	0.0	0.0	0.0
ADurb.Bin063-2	0.0	0.0	0.0	1.0	0.0	0.0	0.0	0.0	0.0	0.0	0.0	0.0
AKYG587	0.0	0.0	4.0	62.0	0.0	3.0	10.0	0.0	0.0	0.0	2.0	0.0
AT-s3-44	0.0	0.0	3.0	1.0	0.0	2.0	1.0	0.0	0.0	16.0	0.0	0.0
Acetoanaerobium	0.0	0.0	1.0	1.0	0.0	0.0	0.0	0.0	0.0	6.0	1.0	0.0
Acetobacter	1.0	0.0	1.0	0.0	0.0	3.0	0.0	0.0	0.0	0.0	0.0	0.0
Acetobacterium	1.0	0.0	19.0	0.0	0.0	8.0	5.0	0.0	2.0	10.0	2.0	0.0
Acetobacteroides	0.0	0.0	0.0	4.0	0.0	0.0	0.0	0.0	2.0	0.0	0.0	0.0
Acetonema	0.0	0.0	5.0	0.0	0.0	2.0	2.0	0.0	2.0	1.0	0.0	0.0
Achromatium	0.0	0.0	0.0	0.0	0.0	1.0	0.0	0.0	0.0	0.0	0.0	0.0
Achromobacter	1.0	0.0	11.0	0.0	0.0	0.0	3.0	1.0	2.0	2.0	8.0	0.0
Acidaminobacter	3.0	2.0	19.0	4.0	0.0	12.0	20.0	0.0	20.0	22.0	20.0	0.0
Acidaminococcus	1.0	0.0	15.0	2.0	0.0	1.0	0.0	0.0	0.0	12.0	2.0	0.0
Acidibacter	2.0	0.0	49.0	10.0	0.0	0.0	4.0	0.0	4.0	44.0	0.0	0.0
Acidihalobacter	0.0	0.0	0.0	3.0	0.0	0.0	0.0	0.0	0.0	0.0	0.0	0.0
Acidiphilium	0.0	0.0	0.0	13.0	0.0	0.0	1.0	0.0	0.0	3.0	0.0	0.0
Acidithiobacillus	0.0	0.0	0.0	1.0	0.0	0.0	0.0	0.0	1.0	0.0	0.0	0.0
Acidocella	0.0	0.0	0.0	0.0	0.0	0.0	0.0	0.0	0.0	3.0	0.0	0.0
Acidovorax	248.0	198.0	4584.0	1073.0	6.0	1303.0	2440.0	9.0	1430.0	13296.0	2161.0	4.0
Acinetobacter	26.0	4.0	199.0	1239.0	0.0	15.0	47.0	2.0	7.0	38.0	47.0	1.0
Actibacter	0.0	0.0	4.0	3.0	0.0	4.0	6.0	0.0	0.0	1.0	0.0	0.0
Actimicrobium	0.0	0.0	8.0	6.0	0.0	4.0	1.0	0.0	3.0	6.0	4.0	0.0
Actinomadura	0.0	0.0	0.0	0.0	0.0	0.0	0.0	0.0	1.0	0.0	0.0	0.0
Actinomyces	1.0	0.0	8.0	3.0	0.0	1.0	0.0	0.0	0.0	6.0	1.0	0.0
Actinophytocola	0.0	0.0	0.0	0.0	0.0	0.0	0.0	0.0	0.0	6.0	0.0	0.0
Actinotalea	0.0	0.0	0.0	0.0	0.0	0.0	0.0	0.0	0.0	0.0	1.0	0.0
Adhaeribacter	0.0	0.0	0.0	1.0	0.0	0.0	0.0	0.0	0.0	0.0	0.0	0.0
Adlercreutzia	0.0	0.0	1.0	0.0	0.0	0.0	0.0	0.0	0.0	4.0	0.0	0.0
Advenella	0.0	0.0	0.0	0.0	0.0	0.0	0.0	0.0	0.0	2.0	1.0	0.0
Aerococcus	0.0	1.0	0.0	0.0	0.0	0.0	2.0	0.0	2.0	1.0	1.0	0.0
Aeromicrobium	0.0	0.0	3.0	0.0	0.0	0.0	0.0	0.0	0.0	1.0	0.0	0.0
Aeromonas	243.0	121.0	761.0	792.0	1.0	72.0	229.0	3.0	102.0	875.0	310.0	0.0
Aerosphaera	1.0	0.0	3.0	0.0	0.0	1.0	1.0	0.0	0.0	0.0	0.0	0.0
Aestuariicella	0.0	1.0	0.0	5.0	0.0	3.0	1.0	0.0	0.0	6.0	2.0	0.0
Aetherobacter	0.0	0.0	13.0	0.0	0.0	0.0	1.0	0.0	0.0	19.0	0.0	0.0
Afifella	0.0	0.0	0.0	0.0	0.0	0.0	1.0	0.0	0.0	0.0	0.0	0.0
Afipia	0.0	1.0	149.0	44.0	0.0	3.0	3.0	0.0	1.0	9.0	1.0	0.0
Agathobacter	9.0	3.0	121.0	20.0	0.0	47.0	29.0	0.0	67.0	142.0	67.0	0.0
Agreia	0.0	0.0	0.0	0.0	0.0	0.0	2.0	0.0	3.0	0.0	4.0	0.0
Agromyces	0.0	0.0	0.0	1.0	0.0	0.0	0.0	0.0	1.0	0.0	0.0	0.0
Ahrensia	0.0	0.0	0.0	0.0	0.0	0.0	0.0	0.0	1.0	0.0	0.0	0.0
Akkermansia	1.0	0.0	1.0	1.0	0.0	0.0	0.0	0.0	0.0	1.0	0.0	0.0
Albimonas	0.0	0.0	0.0	1.0	0.0	0.0	0.0	0.0	2.0	0.0	0.0	0.0
Albirhodobacter	0.0	0.0	1.0	1.0	0.0	0.0	0.0	0.0	0.0	0.0	0.0	0.0
Alcaligenes	0.0	0.0	2.0	0.0	0.0	1.0	0.0	0.0	2.0	3.0	0.0	0.0
Alcanivorax	0.0	0.0	1.0	22.0	0.0	0.0	0.0	0.0	0.0	0.0	0.0	0.0
Algibacter	0.0	0.0	0.0	1.0	0.0	0.0	0.0	0.0	0.0	0.0	0.0	0.0
Algoriella	0.0	0.0	1.0	0.0	0.0	0.0	0.0	0.0	0.0	0.0	0.0	0.0
Algoriphagus	2.0	0.0	52.0	128.0	1.0	93.0	116.0	0.0	166.0	68.0	109.0	0.0
Alicycliphilus	0.0	1.0	10.0	0.0	0.0	0.0	0.0	0.0	0.0	0.0	0.0	0.0
Aliidiomarina	0.0	0.0	0.0	0.0	0.0	0.0	0.0	0.0	0.0	2.0	0.0	0.0
Aliidongia	0.0	0.0	0.0	4.0	0.0	0.0	0.0	0.0	0.0	0.0	0.0	0.0
Aliihoeflea	0.0	0.0	0.0	3.0	0.0	0.0	0.0	0.0	0.0	0.0	0.0	0.0
Aliikangiella	0.0	0.0	0.0	1.0	0.0	0.0	0.0	0.0	0.0	0.0	0.0	0.0
Alishewanella	0.0	0.0	0.0	4.0	0.0	0.0	0.0	0.0	2.0	0.0	0.0	0.0
Alistipes	2.0	0.0	11.0	5.0	0.0	8.0	5.0	0.0	26.0	16.0	16.0	0.0
Aliterella CENA595	0.0	0.0	4.0	0.0	0.0	4.0	0.0	0.0	0.0	0.0	0.0	0.0
Alkalibacter	0.0	0.0	0.0	0.0	0.0	1.0	0.0	0.0	0.0	0.0	0.0	0.0
Alkaliflexus	0.0	0.0	0.0	0.0	0.0	0.0	0.0	0.0	0.0	1.0	0.0	0.0
Alkanibacter	0.0	0.0	0.0	9.0	0.0	0.0	0.0	0.0	0.0	1.0	2.0	0.0
Alkanindiges	0.0	0.0	8.0	276.0	0.0	4.0	3.0	0.0	1.0	26.0	12.0	1.0
Allobaculum	0.0	0.0	0.0	0.0	0.0	1.0	0.0	0.0	0.0	0.0	0.0	0.0
Alloprevotella	0.0	0.0	2.0	0.0	0.0	0.0	1.0	0.0	0.0	0.0	0.0	0.0
Allorhizobium-Neorhizobium-Pararhizobium-Rhizobium	12.0	1.0	251.0	1890.0	1.0	67.0	255.0	2.0	68.0	525.0	74.0	0.0
Alsobacter	0.0	0.0	0.0	3.0	0.0	0.0	0.0	0.0	0.0	0.0	0.0	0.0
Altererythrobacter	1.0	0.0	57.0	1038.0	0.0	69.0	81.0	1.0	46.0	474.0	34.0	0.0
Alterococcus	0.0	0.0	0.0	4.0	0.0	0.0	0.0	0.0	0.0	1.0	0.0	0.0
Alysiella	0.0	0.0	1.0	8.0	0.0	0.0	0.0	0.0	0.0	1.0	0.0	0.0
Amaricoccus	0.0	0.0	484.0	133.0	2.0	0.0	12.0	1.0	1.0	81.0	1.0	0.0
Aminobacter	1.0	1.0	34.0	125.0	0.0	1.0	17.0	0.0	0.0	68.0	2.0	0.0
Amphiplicatus	0.0	0.0	0.0	2.0	0.0	0.0	0.0	0.0	0.0	1.0	0.0	0.0
Amylibacter	0.0	0.0	0.0	1.0	0.0	0.0	0.0	0.0	0.0	0.0	0.0	0.0
Anabaena BECID22	0.0	0.0	0.0	0.0	0.0	0.0	1.0	0.0	0.0	0.0	0.0	0.0
Anaerobacterium	0.0	0.0	0.0	0.0	0.0	0.0	1.0	0.0	0.0	0.0	0.0	0.0
Anaerobiospirillum	0.0	0.0	0.0	10.0	0.0	0.0	0.0	0.0	0.0	0.0	0.0	0.0
Anaerocella	1.0	0.0	2.0	0.0	0.0	0.0	0.0	0.0	1.0	0.0	4.0	0.0
Anaerocolumna	1.0	0.0	2.0	0.0	0.0	0.0	0.0	0.0	2.0	1.0	1.0	0.0
Anaerofilum	0.0	0.0	6.0	0.0	0.0	0.0	0.0	0.0	0.0	0.0	1.0	0.0
Anaerofustis	0.0	0.0	1.0	0.0	0.0	0.0	0.0	0.0	0.0	0.0	0.0	0.0
Anaeromyxobacter	1.0	0.0	10.0	58.0	0.0	4.0	0.0	0.0	0.0	13.0	2.0	0.0
Anaerophaga	0.0	0.0	0.0	0.0	0.0	0.0	0.0	0.0	1.0	0.0	0.0	0.0
Anaerosinus	0.0	0.0	3.0	0.0	0.0	0.0	0.0	0.0	0.0	4.0	1.0	0.0
Anaerosporobacter	0.0	0.0	2.0	0.0	0.0	2.0	0.0	0.0	0.0	1.0	3.0	0.0
Anaerosporomusa	0.0	0.0	4.0	9.0	0.0	0.0	1.0	0.0	0.0	10.0	0.0	0.0
Anaerostipes	4.0	0.0	23.0	2.0	0.0	5.0	8.0	0.0	9.0	12.0	9.0	0.0
Anaerotruncus	0.0	0.0	0.0	1.0	0.0	0.0	3.0	0.0	2.0	3.0	0.0	0.0
Anaerovibrio	0.0	0.0	1.0	0.0	0.0	3.0	0.0	0.0	0.0	0.0	0.0	0.0
Anaerovorax	1.0	1.0	22.0	7.0	0.0	4.0	10.0	0.0	2.0	4.0	7.0	2.0
Anaplasma	0.0	0.0	0.0	1.0	0.0	0.0	0.0	0.0	0.0	0.0	0.0	0.0
Ancalomicrobium	0.0	0.0	0.0	4.0	0.0	0.0	1.0	0.0	0.0	0.0	0.0	0.0
Ancylobacter	1.0	0.0	4.0	37.0	0.0	0.0	3.0	0.0	4.0	51.0	3.0	0.0
Andreprevotia	0.0	0.0	0.0	1.0	0.0	0.0	1.0	0.0	0.0	1.0	0.0	0.0
Angelakisella	0.0	0.0	0.0	1.0	0.0	0.0	0.0	0.0	0.0	0.0	0.0	0.0
Angulomicrobium	0.0	0.0	0.0	0.0	0.0	0.0	0.0	0.0	1.0	0.0	0.0	0.0
Anoxybacillus	0.0	0.0	0.0	0.0	0.0	1.0	0.0	0.0	0.0	6.0	0.0	0.0
Anthococcus	0.0	0.0	1.0	0.0	0.0	0.0	0.0	0.0	0.0	0.0	0.0	0.0
Aphanizomenon NIES81	0.0	0.0	2.0	0.0	0.0	0.0	0.0	0.0	0.0	0.0	0.0	0.0
Apibacter	0.0	0.0	0.0	0.0	0.0	1.0	0.0	0.0	0.0	0.0	0.0	0.0
AqS1	0.0	0.0	0.0	3.0	0.0	0.0	0.0	0.0	0.0	0.0	0.0	0.0
Aquabacterium	137.0	83.0	1544.0	2119.0	9.0	1905.0	1438.0	7.0	2019.0	8698.0	2694.0	0.0
Aquamicrobium	0.0	0.0	1.0	1.0	0.0	0.0	2.0	0.0	0.0	4.0	0.0	0.0
Aquaspirillum	0.0	2.0	0.0	109.0	0.0	5.0	2.0	0.0	0.0	6.0	2.0	0.0
Aquibacillus	0.0	1.0	0.0	0.0	0.0	0.0	0.0	0.0	0.0	0.0	0.0	0.0
Aquicella	2.0	2.0	62.0	195.0	0.0	9.0	13.0	0.0	12.0	77.0	17.0	0.0
Aquimonas	0.0	1.0	1.0	8.0	0.0	13.0	2.0	0.0	4.0	51.0	5.0	0.0
Aquisphaera	0.0	0.0	3.0	0.0	0.0	0.0	4.0	0.0	0.0	4.0	1.0	0.0
Aquitalea	0.0	0.0	1.0	0.0	0.0	0.0	0.0	0.0	0.0	2.0	0.0	0.0
Archangium	0.0	0.0	0.0	1.0	0.0	0.0	0.0	0.0	0.0	0.0	0.0	0.0
Arcicella	0.0	0.0	17.0	9.0	0.0	3.0	10.0	0.0	20.0	41.0	31.0	0.0
Arcobacter	631.0	435.0	26391.0	4139.0	37.0	10412.0	6387.0	40.0	17803.0	2397.0	11328.0	11.0
Arenibacter	0.0	0.0	1.0	0.0	0.0	0.0	0.0	0.0	0.0	0.0	1.0	0.0
Arenicella	0.0	0.0	0.0	1.0	0.0	0.0	0.0	0.0	0.0	0.0	0.0	0.0
Arenimonas	51.0	24.0	785.0	838.0	2.0	882.0	869.0	2.0	302.0	3089.0	370.0	0.0
Aridibacter	0.0	0.0	1.0	0.0	0.0	0.0	0.0	0.0	0.0	0.0	0.0	0.0
Armatimonas	4.0	2.0	22.0	40.0	0.0	46.0	33.0	0.0	17.0	80.0	14.0	3.0
Arsenicitalea	0.0	0.0	2.0	40.0	0.0	1.0	3.0	0.0	2.0	18.0	1.0	0.0
Arsenophonus	0.0	0.0	0.0	0.0	0.0	0.0	1.0	0.0	0.0	0.0	0.0	0.0
Arthrobacter	0.0	0.0	2.0	0.0	0.0	0.0	0.0	0.0	0.0	4.0	0.0	0.0
Asaia	0.0	0.0	0.0	1.0	0.0	0.0	0.0	0.0	0.0	0.0	0.0	0.0
Asticcacaulis	0.0	0.0	7.0	86.0	0.0	4.0	7.0	0.0	1.0	17.0	2.0	0.0
Atlantibacter	0.0	0.0	0.0	0.0	0.0	0.0	0.0	3.0	0.0	0.0	0.0	0.0
Atopococcus	1.0	0.0	56.0	0.0	0.0	1.0	3.0	1.0	5.0	5.0	3.0	0.0
Atopostipes	0.0	0.0	0.0	0.0	0.0	1.0	0.0	0.0	0.0	0.0	0.0	0.0
Aurantimicrobium	5.0	0.0	33.0	14.0	0.0	7.0	26.0	0.0	19.0	110.0	24.0	0.0
Aurantimonas	0.0	0.0	0.0	4.0	0.0	0.0	0.0	0.0	0.0	0.0	0.0	0.0
Aureimonas	0.0	0.0	4.0	28.0	0.0	2.0	5.0	0.0	2.0	32.0	1.0	0.0
Aureispira	0.0	0.0	1.0	0.0	0.0	1.0	1.0	0.0	1.0	0.0	0.0	0.0
Azoarcus	0.0	0.0	5.0	1.0	0.0	1.0	3.0	0.0	6.0	21.0	2.0	0.0
Azohydromonas	0.0	0.0	2.0	0.0	0.0	0.0	0.0	0.0	0.0	0.0	0.0	0.0
Azonexus	0.0	0.0	0.0	5.0	0.0	0.0	0.0	0.0	0.0	2.0	0.0	0.0
Azospira	3.0	0.0	9.0	8.0	0.0	3.0	9.0	0.0	5.0	28.0	13.0	1.0
Azospirillum	0.0	1.0	2.0	54.0	0.0	4.0	2.0	0.0	3.0	8.0	2.0	0.0
Azotobacter	0.0	0.0	0.0	5.0	0.0	0.0	0.0	0.0	0.0	0.0	0.0	0.0
Azovibrio	0.0	0.0	3.0	0.0	0.0	0.0	0.0	0.0	0.0	1.0	2.0	0.0
BD1-7 clade	5.0	4.0	105.0	2078.0	0.0	20.0	144.0	0.0	17.0	78.0	58.0	0.0
BIyi10	1.0	1.0	4.0	972.0	0.0	0.0	11.0	0.0	3.0	12.0	16.0	0.0
BSV13	1.0	1.0	11.0	32.0	0.0	36.0	17.0	0.0	6.0	8.0	8.0	0.0
Bacillus	13.0	9.0	139.0	24.0	20.0	7.0	38.0	45195.0	15.0	73.0	21.0	0.0
Bact-08	0.0	0.0	0.0	0.0	0.0	1.0	2.0	0.0	3.0	0.0	5.0	0.0
Bacteriovorax	4.0	4.0	40.0	2336.0	2.0	157.0	114.0	1.0	134.0	37.0	105.0	0.0
Bacteroides	7.0	1.0	32.0	16.0	0.0	38.0	41.0	0.0	72.0	72.0	81.0	0.0
Barnesiella	0.0	0.0	4.0	4.0	0.0	2.0	2.0	0.0	2.0	2.0	3.0	0.0
Bartonella	0.0	0.0	0.0	2.0	0.0	0.0	0.0	0.0	0.0	0.0	0.0	0.0
Bauldia	0.0	0.0	18.0	178.0	0.0	10.0	15.0	0.0	10.0	69.0	0.0	0.0
Bdellovibrio	0.0	0.0	7.0	30.0	0.0	0.0	0.0	0.0	2.0	0.0	0.0	0.0
Beggiatoa	0.0	0.0	0.0	21.0	0.0	0.0	0.0	0.0	0.0	0.0	0.0	0.0
Bergeyella	0.0	0.0	0.0	0.0	0.0	0.0	0.0	0.0	0.0	1.0	0.0	0.0
Biostraticola	0.0	0.0	0.0	1.0	0.0	0.0	0.0	0.0	0.0	0.0	2.0	0.0
Blastocatella	0.0	0.0	1.0	0.0	0.0	0.0	0.0	0.0	0.0	0.0	0.0	0.0
Blastochloris	0.0	0.0	1.0	5.0	0.0	0.0	0.0	0.0	0.0	0.0	0.0	0.0
Blastococcus	0.0	0.0	1.0	0.0	0.0	0.0	0.0	0.0	0.0	0.0	0.0	0.0
Blastomonas	0.0	0.0	4.0	56.0	0.0	4.0	8.0	0.0	3.0	8.0	1.0	0.0
Blastopirellula	0.0	0.0	0.0	32.0	0.0	1.0	3.0	0.0	0.0	6.0	0.0	0.0
Blautia	28.0	3.0	262.0	84.0	0.0	71.0	72.0	0.0	111.0	164.0	88.0	0.0
Blvii28 wastewater-sludge group	0.0	0.0	0.0	2.0	0.0	1.0	0.0	0.0	0.0	0.0	0.0	0.0
Bordetella	0.0	0.0	1.0	2.0	0.0	0.0	3.0	0.0	0.0	2.0	0.0	0.0
Bosea	0.0	0.0	20.0	148.0	0.0	4.0	14.0	0.0	4.0	58.0	3.0	0.0
Brachymonas	0.0	0.0	5.0	2.0	0.0	6.0	0.0	0.0	0.0	4.0	0.0	0.0
Bradyrhizobium	0.0	1.0	140.0	502.0	0.0	16.0	41.0	0.0	16.0	180.0	19.0	0.0
Brevifollis	1.0	0.0	0.0	0.0	0.0	0.0	0.0	0.0	0.0	0.0	0.0	0.0
Brevundimonas	1.0	0.0	98.0	534.0	0.0	46.0	63.0	1.0	47.0	254.0	21.0	0.0
Brochothrix	0.0	0.0	1.0	0.0	0.0	0.0	0.0	0.0	0.0	0.0	0.0	0.0
Bryobacter	1.0	0.0	42.0	3.0	0.0	6.0	0.0	0.0	0.0	6.0	0.0	0.0
Budvicia	0.0	0.0	10.0	34.0	0.0	6.0	16.0	0.0	9.0	23.0	35.0	0.0
Burkholderia-Caballeronia-Paraburkholderia	0.0	0.0	3.0	0.0	0.0	1.0	0.0	0.0	1.0	4.0	4.0	0.0
Buttiauxella	4.0	1.0	18.0	115.0	0.0	6.0	51.0	6.0	9.0	112.0	40.0	0.0
Butyricicoccus	0.0	1.0	5.0	3.0	0.0	1.0	2.0	0.0	1.0	6.0	4.0	0.0
Butyricimonas	0.0	0.0	0.0	0.0	0.0	0.0	1.0	0.0	1.0	10.0	0.0	0.0
Butyrivibrio	2.0	0.0	0.0	0.0	0.0	0.0	0.0	0.0	0.0	4.0	2.0	0.0
Butyrivibrio 2	1.0	0.0	5.0	0.0	0.0	2.0	0.0	0.0	2.0	0.0	0.0	0.0
Byssovorax	0.0	0.0	0.0	0.0	0.0	0.0	0.0	0.0	0.0	1.0	0.0	0.0
Bythopirellula	0.0	0.0	0.0	1.0	0.0	0.0	0.0	0.0	0.0	0.0	0.0	0.0
C1-B045	1.0	0.0	1.0	161.0	0.0	1.0	3.0	0.0	0.0	1.0	0.0	0.0
C39	2.0	0.0	12.0	20.0	0.0	8.0	20.0	0.0	21.0	58.0	12.0	0.0
CAG-352	0.0	0.0	3.0	0.0	0.0	0.0	0.0	0.0	0.0	25.0	3.0	0.0
CAG-56	0.0	0.0	1.0	1.0	0.0	1.0	1.0	0.0	7.0	0.0	2.0	0.0
CI75cm.2.12	0.0	0.0	0.0	2.0	0.0	0.0	0.0	0.0	0.0	0.0	0.0	0.0
CK06-06-Mud-MAS4B-21	0.0	0.0	0.0	0.0	0.0	0.0	0.0	0.0	0.0	2.0	0.0	0.0
CL500-29 marine group	3.0	0.0	174.0	13.0	0.0	12.0	24.0	0.0	16.0	122.0	16.0	0.0
CL500-3	1.0	0.0	12.0	71.0	0.0	2.0	0.0	0.0	2.0	3.0	0.0	0.0
CM1G08	6.0	2.0	21.0	47.0	0.0	71.0	99.0	0.0	37.0	177.0	20.0	0.0
Caedibacter	0.0	0.0	5.0	31.0	0.0	0.0	3.0	0.0	0.0	1.0	2.0	0.0
Caenimonas	10.0	10.0	624.0	57.0	0.0	73.0	79.0	0.0	43.0	261.0	34.0	0.0
Caldicoprobacter	0.0	0.0	1.0	6.0	0.0	0.0	0.0	0.0	0.0	0.0	0.0	0.0
Caldisericum	0.0	0.0	0.0	7.0	0.0	0.0	0.0	0.0	0.0	0.0	0.0	0.0
Caldithrix	0.0	0.0	0.0	0.0	0.0	0.0	1.0	0.0	0.0	0.0	0.0	0.0
Calorithrix	0.0	0.0	0.0	0.0	0.0	1.0	0.0	0.0	0.0	0.0	0.0	0.0
Calothrix KVSF5	0.0	0.0	2.0	0.0	0.0	10.0	1.0	0.0	2.0	0.0	2.0	0.0
Calothrix PCC-6303	0.0	0.0	1.0	0.0	0.0	0.0	0.0	0.0	0.0	0.0	0.0	0.0
Camelimonas	0.0	0.0	0.0	0.0	0.0	0.0	0.0	0.0	0.0	2.0	0.0	0.0
Campylobacter	0.0	0.0	3.0	0.0	0.0	13.0	11.0	0.0	9.0	0.0	7.0	0.0
Candidatus Accumulibacter	11.0	7.0	265.0	1490.0	0.0	87.0	79.0	0.0	62.0	347.0	98.0	0.0
Candidatus Alysiosphaera	0.0	1.0	156.0	38.0	0.0	2.0	2.0	0.0	0.0	58.0	0.0	0.0
Candidatus Amoebophilus	0.0	0.0	0.0	5.0	0.0	0.0	1.0	0.0	0.0	0.0	0.0	0.0
Candidatus Anammoximicrobium	0.0	0.0	0.0	5.0	0.0	1.0	0.0	0.0	0.0	1.0	0.0	0.0
Candidatus Aquiluna	0.0	1.0	7.0	17.0	0.0	4.0	2.0	0.0	12.0	15.0	3.0	0.0
Candidatus Aquirestis	7.0	2.0	52.0	85.0	1.0	120.0	56.0	0.0	92.0	54.0	132.0	0.0
Candidatus Bealeia	1.0	0.0	17.0	29.0	0.0	0.0	0.0	0.0	3.0	3.0	2.0	0.0
Candidatus Berkiella	1.0	0.0	16.0	210.0	0.0	6.0	9.0	0.0	2.0	13.0	11.0	0.0
Candidatus Captivus	0.0	0.0	5.0	30.0	0.0	1.0	8.0	0.0	0.0	0.0	0.0	0.0
Candidatus Cloacimonas	0.0	0.0	0.0	0.0	0.0	0.0	1.0	0.0	0.0	0.0	0.0	0.0
Candidatus Competibacter	0.0	0.0	23.0	265.0	0.0	4.0	18.0	0.0	1.0	42.0	0.0	0.0
Candidatus Cryptoprodotis	0.0	0.0	0.0	1.0	0.0	0.0	0.0	0.0	0.0	0.0	0.0	0.0
Candidatus Curculioniphilus	0.0	0.0	0.0	0.0	0.0	0.0	0.0	1.0	0.0	0.0	0.0	0.0
Candidatus Endobugula	0.0	0.0	0.0	0.0	0.0	1.0	0.0	0.0	0.0	0.0	0.0	0.0
Candidatus Endoecteinascidia	0.0	0.0	19.0	246.0	1.0	5.0	15.0	0.0	10.0	10.0	9.0	0.0
Candidatus Endomicrobium	1.0	0.0	0.0	1.0	0.0	2.0	0.0	0.0	5.0	13.0	1.0	0.0
Candidatus Endonucleariobacter	0.0	0.0	0.0	1.0	0.0	0.0	0.0	0.0	0.0	0.0	0.0	0.0
Candidatus Finniella	0.0	0.0	5.0	29.0	0.0	1.0	5.0	0.0	5.0	3.0	1.0	0.0
Candidatus Flaviluna	0.0	0.0	1.0	0.0	0.0	0.0	0.0	0.0	1.0	0.0	0.0	0.0
Candidatus Gortzia	0.0	0.0	0.0	1.0	0.0	0.0	0.0	0.0	0.0	0.0	0.0	0.0
Candidatus Jidaibacter	0.0	0.0	1.0	8.0	0.0	5.0	0.0	0.0	0.0	0.0	0.0	0.0
Candidatus Lariskella	0.0	0.0	0.0	1.0	0.0	4.0	1.0	0.0	1.0	0.0	0.0	0.0
Candidatus Latescibacter	0.0	0.0	0.0	0.0	0.0	0.0	0.0	0.0	0.0	0.0	2.0	0.0
Candidatus Limnoluna	0.0	1.0	3.0	1.0	0.0	7.0	9.0	0.0	24.0	7.0	12.0	0.0
Candidatus Megaira	1.0	0.0	19.0	136.0	0.0	14.0	18.0	0.0	15.0	0.0	4.0	0.0
Candidatus Methylomirabilis	2.0	0.0	10.0	31.0	0.0	4.0	6.0	0.0	4.0	18.0	7.0	0.0
Candidatus Methylopumilus	6.0	13.0	88.0	129.0	0.0	109.0	138.0	0.0	175.0	125.0	199.0	0.0
Candidatus Methylospira	0.0	0.0	0.0	4.0	0.0	0.0	0.0	0.0	0.0	0.0	0.0	0.0
Candidatus Microthrix	1.0	0.0	159.0	1.0	0.0	1.0	0.0	0.0	0.0	10.0	0.0	1.0
Candidatus Midichloria	0.0	0.0	3.0	16.0	0.0	0.0	0.0	0.0	0.0	0.0	0.0	0.0
Candidatus Moduliflexus	0.0	0.0	0.0	0.0	0.0	0.0	5.0	0.0	0.0	0.0	0.0	0.0
Candidatus Nitrotoga	3.0	0.0	3.0	32.0	0.0	11.0	11.0	0.0	5.0	5.0	5.0	0.0
Candidatus Nostocoida	0.0	0.0	0.0	0.0	0.0	0.0	0.0	0.0	0.0	1.0	0.0	0.0
Candidatus Nucleicultrix	0.0	0.0	1.0	2.0	0.0	0.0	1.0	0.0	0.0	0.0	0.0	0.0
Candidatus Odyssella	0.0	0.0	0.0	2.0	0.0	0.0	2.0	0.0	0.0	0.0	0.0	0.0
Candidatus Omnitrophus	8.0	0.0	28.0	69.0	1.0	105.0	96.0	0.0	92.0	84.0	23.0	0.0
Candidatus Ovatusbacter	0.0	0.0	19.0	110.0	0.0	2.0	9.0	0.0	4.0	8.0	14.0	0.0
Candidatus Paracaedibacter	3.0	0.0	27.0	96.0	0.0	5.0	23.0	0.0	6.0	17.0	4.0	0.0
Candidatus Planktoluna	6.0	1.0	40.0	31.0	0.0	37.0	66.0	0.0	71.0	98.0	42.0	0.0
Candidatus Planktophila	1.0	1.0	19.0	21.0	0.0	20.0	22.0	1.0	15.0	19.0	17.0	0.0
Candidatus Protistobacter	0.0	0.0	0.0	0.0	0.0	0.0	0.0	0.0	0.0	1.0	0.0	0.0
Candidatus Regiella	0.0	0.0	0.0	0.0	0.0	0.0	2.0	0.0	1.0	0.0	0.0	0.0
Candidatus Riegeria	0.0	0.0	0.0	0.0	0.0	0.0	0.0	0.0	0.0	1.0	0.0	0.0
Candidatus Soleaferrea	1.0	0.0	0.0	1.0	0.0	5.0	4.0	0.0	2.0	0.0	1.0	0.0
Candidatus Solibacter	0.0	0.0	1.0	2.0	0.0	2.0	1.0	0.0	1.0	2.0	0.0	0.0
Candidatus Symbiobacter	50.0	145.0	729.0	465.0	3.0	592.0	1488.0	2.0	548.0	1775.0	833.0	1.0
Candidatus Tenderia	0.0	0.0	0.0	3.0	0.0	0.0	0.0	0.0	0.0	0.0	0.0	0.0
Candidatus Thiobios	0.0	0.0	0.0	1.0	0.0	0.0	0.0	0.0	0.0	0.0	0.0	0.0
Candidatus Thiodiazotropha	0.0	0.0	0.0	3.0	0.0	2.0	0.0	0.0	0.0	0.0	0.0	0.0
Candidatus Thiosymbion	0.0	0.0	0.0	0.0	0.0	0.0	0.0	0.0	0.0	0.0	1.0	0.0
Candidatus Turbabacter	0.0	0.0	0.0	6.0	0.0	0.0	0.0	0.0	0.0	0.0	0.0	0.0
Candidatus Udaeobacter	0.0	0.0	2.0	0.0	0.0	0.0	0.0	0.0	0.0	0.0	0.0	0.0
Candidatus Xenohaliotis	0.0	0.0	2.0	2.0	0.0	5.0	0.0	0.0	4.0	1.0	0.0	0.0
Candidatus Xiphinematobacter	0.0	0.0	1.0	1.0	0.0	0.0	0.0	0.0	0.0	0.0	0.0	0.0
Candidimonas	0.0	0.0	0.0	0.0	0.0	1.0	1.0	0.0	0.0	0.0	0.0	0.0
Caproiciproducens	0.0	0.0	3.0	0.0	0.0	0.0	0.0	0.0	0.0	4.0	0.0	0.0
Carboxylicivirga	0.0	0.0	0.0	1.0	0.0	0.0	0.0	0.0	1.0	0.0	0.0	0.0
Carnobacterium	0.0	0.0	1.0	0.0	0.0	0.0	4.0	0.0	0.0	0.0	1.0	0.0
Caryophanon	1.0	0.0	2.0	2.0	0.0	0.0	0.0	0.0	0.0	4.0	0.0	0.0
Castellaniella	0.0	0.0	0.0	0.0	0.0	0.0	0.0	0.0	1.0	0.0	0.0	0.0
Catellicoccus	0.0	0.0	0.0	1.0	0.0	0.0	0.0	0.0	0.0	0.0	0.0	0.0
Catenibacterium	0.0	0.0	2.0	0.0	0.0	0.0	0.0	0.0	0.0	0.0	0.0	0.0
Catenisphaera	0.0	0.0	1.0	0.0	0.0	0.0	0.0	0.0	0.0	0.0	0.0	0.0
Caulobacter	1.0	2.0	159.0	2484.0	1.0	110.0	267.0	2.0	117.0	532.0	92.0	0.0
Cavicella	0.0	0.0	0.0	26.0	0.0	0.0	0.0	0.0	1.0	0.0	0.0	0.0
Cedecea	0.0	0.0	0.0	0.0	0.0	0.0	1.0	4.0	0.0	0.0	0.0	0.0
Cellulosilyticum	0.0	0.0	3.0	0.0	0.0	0.0	2.0	0.0	0.0	0.0	0.0	0.0
Cellvibrio	2.0	1.0	14.0	92.0	0.0	7.0	34.0	0.0	15.0	43.0	28.0	0.0
Cephaloticoccus	0.0	2.0	5.0	118.0	0.0	15.0	14.0	0.0	0.0	22.0	2.0	0.0
Cerasicoccus	0.0	0.0	3.0	36.0	0.0	27.0	20.0	0.0	2.0	24.0	2.0	0.0
Cereibacter	0.0	1.0	50.0	414.0	0.0	8.0	73.0	1.0	25.0	197.0	16.0	0.0
Cetobacterium	0.0	0.0	0.0	0.0	0.0	1.0	1.0	0.0	3.0	0.0	2.0	0.0
Chamaesiphon PCC-7430	0.0	0.0	0.0	0.0	0.0	0.0	1.0	0.0	0.0	0.0	0.0	0.0
Chelativorans	0.0	0.0	0.0	1.0	0.0	0.0	0.0	0.0	0.0	0.0	0.0	0.0
Chelatococcus	0.0	0.0	9.0	19.0	0.0	0.0	0.0	0.0	0.0	13.0	0.0	0.0
Chiayiivirga	0.0	0.0	7.0	0.0	0.0	1.0	2.0	0.0	2.0	4.0	0.0	0.0
Chitinibacter	1.0	0.0	3.0	37.0	0.0	0.0	11.0	0.0	4.0	2.0	1.0	0.0
Chitinilyticum	0.0	0.0	0.0	9.0	0.0	0.0	0.0	0.0	1.0	0.0	0.0	0.0
Chitinimonas	0.0	0.0	0.0	29.0	0.0	1.0	0.0	0.0	8.0	35.0	2.0	0.0
Chitiniphilus	0.0	0.0	0.0	1.0	0.0	0.0	0.0	0.0	0.0	0.0	0.0	0.0
Chitinivorax	1.0	0.0	1.0	25.0	0.0	2.0	0.0	0.0	0.0	0.0	0.0	0.0
Chitinophaga	0.0	0.0	0.0	1.0	0.0	4.0	3.0	0.0	2.0	14.0	1.0	0.0
Christensenellaceae R-7 group	5.0	5.0	241.0	73.0	1.0	40.0	53.0	1.0	72.0	369.0	57.0	0.0
Chromatium	0.0	0.0	0.0	1.0	0.0	0.0	0.0	0.0	4.0	2.0	10.0	0.0
Chromobacterium	0.0	0.0	0.0	17.0	0.0	2.0	2.0	0.0	0.0	5.0	2.0	0.0
Chryseobacterium	0.0	0.0	3.0	0.0	0.0	7.0	3.0	0.0	6.0	1.0	6.0	0.0
Chryseoglobus	0.0	0.0	0.0	1.0	0.0	1.0	0.0	0.0	0.0	0.0	0.0	0.0
Chryseolinea	0.0	0.0	5.0	3.0	0.0	17.0	4.0	0.0	1.0	13.0	1.0	0.0
Chthoniobacter	0.0	0.0	0.0	2.0	0.0	0.0	0.0	0.0	0.0	0.0	0.0	0.0
Chthonobacter	0.0	0.0	5.0	49.0	0.0	3.0	4.0	0.0	2.0	40.0	0.0	0.0
Chujaibacter	0.0	0.0	1.0	0.0	0.0	0.0	0.0	0.0	0.0	0.0	0.0	0.0
Ciceribacter	0.0	0.0	1.0	0.0	0.0	0.0	0.0	0.0	0.0	0.0	0.0	0.0
Citreitalea	0.0	1.0	0.0	0.0	0.0	0.0	0.0	0.0	2.0	0.0	0.0	0.0
Citricoccus	0.0	0.0	0.0	0.0	0.0	0.0	1.0	0.0	0.0	0.0	0.0	0.0
Citrobacter	8.0	4.0	122.0	130.0	0.0	11.0	49.0	1014.0	19.0	68.0	91.0	0.0
Cloacibacillus	0.0	0.0	0.0	0.0	0.0	0.0	0.0	0.0	0.0	0.0	2.0	0.0
Cloacibacterium	0.0	0.0	2.0	0.0	0.0	1.0	1.0	0.0	3.0	0.0	1.0	0.0
Clostridium sensu stricto 1	5.0	6.0	329.0	125.0	1.0	72.0	90.0	1.0	83.0	93.0	76.0	0.0
Clostridium sensu stricto 11	0.0	0.0	0.0	0.0	0.0	0.0	1.0	0.0	0.0	0.0	0.0	0.0
Clostridium sensu stricto 12	2.0	0.0	10.0	8.0	0.0	0.0	5.0	0.0	0.0	0.0	0.0	0.0
Clostridium sensu stricto 13	0.0	0.0	10.0	52.0	0.0	14.0	18.0	0.0	8.0	1.0	12.0	0.0
Clostridium sensu stricto 19	0.0	0.0	0.0	1.0	0.0	2.0	0.0	0.0	0.0	0.0	0.0	0.0
Clostridium sensu stricto 2	0.0	0.0	1.0	0.0	0.0	0.0	0.0	0.0	0.0	0.0	2.0	0.0
Clostridium sensu stricto 5	0.0	0.0	2.0	0.0	0.0	0.0	0.0	0.0	1.0	0.0	1.0	0.0
Clostridium sensu stricto 6	0.0	0.0	0.0	0.0	0.0	1.0	1.0	0.0	1.0	0.0	0.0	0.0
Clostridium sensu stricto 8	0.0	0.0	0.0	0.0	0.0	2.0	0.0	0.0	0.0	1.0	0.0	0.0
Clostridium sensu stricto 9	0.0	0.0	8.0	5.0	0.0	3.0	5.0	0.0	6.0	0.0	3.0	0.0
Cm1-21	0.0	0.0	0.0	2.0	0.0	0.0	0.0	0.0	0.0	0.0	0.0	0.0
Cohaesibacter	0.0	0.0	0.0	1.0	0.0	0.0	0.0	0.0	0.0	1.0	0.0	0.0
Cohnella	0.0	0.0	2.0	4.0	0.0	0.0	3.0	0.0	0.0	6.0	0.0	0.0
Collimonas	0.0	0.0	2.0	11.0	0.0	3.0	1.0	0.0	3.0	8.0	4.0	0.0
Collinsella	0.0	0.0	4.0	0.0	0.0	0.0	1.0	0.0	3.0	3.0	2.0	0.0
Comamonas	30.0	20.0	472.0	134.0	2.0	120.0	237.0	0.0	116.0	869.0	120.0	0.0
Conexibacter	0.0	0.0	6.0	0.0	0.0	0.0	1.0	0.0	3.0	3.0	0.0	0.0
Confluentibacter	0.0	0.0	2.0	2.0	0.0	7.0	1.0	0.0	3.0	0.0	5.0	0.0
Constrictibacter	0.0	0.0	0.0	1.0	0.0	0.0	0.0	0.0	0.0	0.0	0.0	0.0
Conyzicola	0.0	0.0	2.0	0.0	0.0	0.0	0.0	0.0	0.0	2.0	1.0	0.0
Coprobacter	0.0	0.0	0.0	0.0	0.0	0.0	1.0	0.0	2.0	0.0	0.0	0.0
Coprococcus 1	0.0	0.0	7.0	5.0	0.0	0.0	1.0	0.0	10.0	9.0	2.0	0.0
Coprococcus 2	3.0	1.0	34.0	4.0	0.0	1.0	9.0	0.0	26.0	63.0	24.0	0.0
Coprococcus 3	1.0	0.0	19.0	8.0	0.0	1.0	2.0	0.0	5.0	0.0	5.0	0.0
Coraliomargarita	0.0	0.0	1.0	3.0	0.0	1.0	2.0	0.0	1.0	1.0	0.0	0.0
Corynebacterium 1	0.0	0.0	0.0	0.0	0.0	0.0	1.0	0.0	1.0	0.0	0.0	0.0
Coxiella	3.0	1.0	42.0	334.0	0.0	9.0	29.0	0.0	14.0	13.0	19.0	0.0
Crenobacter	0.0	0.0	0.0	3.0	0.0	0.0	0.0	0.0	1.0	0.0	0.0	0.0
Crenothrix	0.0	0.0	6.0	6.0	0.0	0.0	6.0	0.0	0.0	8.0	0.0	0.0
Crocinitomix	0.0	0.0	0.0	0.0	0.0	4.0	3.0	1.0	0.0	0.0	1.0	0.0
Cronobacter	0.0	0.0	0.0	1.0	0.0	0.0	0.0	48.0	0.0	1.0	1.0	0.0
Cryobacterium	0.0	0.0	0.0	0.0	0.0	0.0	0.0	0.0	0.0	1.0	0.0	0.0
Cryptanaerobacter	0.0	0.0	0.0	0.0	0.0	0.0	1.0	0.0	0.0	7.0	0.0	0.0
Cuneatibacter	0.0	0.0	0.0	0.0	0.0	1.0	0.0	0.0	0.0	0.0	0.0	0.0
Cupriavidus	0.0	0.0	3.0	0.0	0.0	2.0	0.0	0.0	0.0	0.0	1.0	0.0
Curvibacter	12.0	46.0	155.0	102.0	1.0	72.0	127.0	1.0	99.0	224.0	105.0	0.0
Cyanobium PCC-6307	0.0	0.0	6.0	0.0	0.0	6.0	1.0	0.0	5.0	4.0	4.0	0.0
Cylindrospermum PCC-7417	0.0	0.0	0.0	0.0	0.0	0.0	2.0	0.0	0.0	2.0	0.0	0.0
Cystobacter	0.0	0.0	0.0	1.0	0.0	0.0	0.0	0.0	0.0	0.0	0.0	0.0
Cytophaga	1.0	1.0	14.0	18.0	0.0	34.0	35.0	1.0	51.0	36.0	50.0	0.0
DMER64	1.0	1.0	23.0	0.0	0.0	6.0	0.0	0.0	1.0	0.0	0.0	0.0
DSSD61	2.0	0.0	3.0	4.0	0.0	1.0	1.0	0.0	0.0	25.0	6.0	0.0
DSSF69	0.0	0.0	0.0	1.0	0.0	0.0	0.0	0.0	0.0	0.0	0.0	0.0
DTU089	0.0	0.0	1.0	0.0	0.0	0.0	0.0	0.0	0.0	0.0	0.0	0.0
Dechlorobacter	0.0	0.0	38.0	46.0	0.0	1.0	0.0	1.0	1.0	6.0	4.0	0.0
Dechloromonas	35.0	12.0	4442.0	3689.0	3.0	131.0	113.0	1.0	104.0	406.0	170.0	0.0
Dechlorosoma	0.0	0.0	10.0	11.0	0.0	1.0	2.0	0.0	1.0	1.0	5.0	0.0
Deefgea	3.0	2.0	15.0	916.0	1.0	36.0	95.0	1.0	43.0	110.0	32.0	0.0
Defluviicoccus	0.0	0.0	9.0	20.0	0.0	0.0	0.0	0.0	0.0	25.0	0.0	0.0
Defluviimonas	1.0	0.0	163.0	417.0	1.0	19.0	45.0	0.0	2.0	98.0	5.0	0.0
Defluviitaleaceae UCG-011	0.0	0.0	2.0	1.0	0.0	0.0	1.0	0.0	2.0	4.0	0.0	0.0
Deinobacterium	0.0	0.0	5.0	0.0	0.0	0.0	0.0	0.0	0.0	0.0	0.0	0.0
Deinococcus	1.0	1.0	52.0	1.0	0.0	0.0	1.0	0.0	0.0	10.0	1.0	0.0
Delftia	2.0	8.0	35.0	11.0	0.0	11.0	22.0	0.0	17.0	19.0	9.0	0.0
Demequina	0.0	0.0	2.0	0.0	0.0	0.0	0.0	0.0	1.0	8.0	1.0	0.0
Denitratisoma	22.0	16.0	263.0	308.0	0.0	330.0	234.0	0.0	23.0	855.0	56.0	0.0
Desulfatiglans	3.0	0.0	13.0	138.0	1.0	8.0	5.0	1.0	1.0	21.0	1.0	0.0
Desulfatirhabdium	0.0	0.0	11.0	25.0	0.0	4.0	5.0	0.0	3.0	17.0	0.0	0.0
Desulfatitalea	0.0	0.0	2.0	3.0	0.0	2.0	0.0	0.0	0.0	0.0	0.0	0.0
Desulfobacca	7.0	1.0	34.0	179.0	0.0	10.0	10.0	1.0	3.0	79.0	0.0	0.0
Desulfobacter	0.0	0.0	0.0	0.0	0.0	0.0	1.0	0.0	7.0	0.0	5.0	0.0
Desulfobacterium	0.0	0.0	3.0	7.0	0.0	2.0	0.0	0.0	0.0	3.0	0.0	0.0
Desulfobulbus	1.0	0.0	1.0	2.0	0.0	6.0	3.0	0.0	0.0	7.0	0.0	0.0
Desulfocapsa	0.0	0.0	1.0	2.0	0.0	0.0	0.0	0.0	0.0	0.0	0.0	0.0
Desulfococcus	0.0	0.0	2.0	3.0	0.0	0.0	0.0	0.0	0.0	0.0	0.0	0.0
Desulfomicrobium	0.0	0.0	1.0	0.0	0.0	0.0	0.0	0.0	0.0	1.0	0.0	0.0
Desulfomonile	0.0	0.0	9.0	41.0	0.0	2.0	10.0	0.0	1.0	29.0	0.0	0.0
Desulfonema	0.0	0.0	0.0	1.0	0.0	1.0	0.0	0.0	0.0	0.0	0.0	0.0
Desulfoprunum	0.0	0.0	1.0	1.0	0.0	0.0	0.0	0.0	0.0	0.0	0.0	0.0
Desulforegula	0.0	0.0	0.0	3.0	0.0	1.0	2.0	0.0	0.0	0.0	0.0	0.0
Desulforhabdus	0.0	1.0	0.0	13.0	0.0	0.0	1.0	0.0	0.0	1.0	0.0	0.0
Desulforhopalus	0.0	0.0	0.0	0.0	0.0	0.0	0.0	0.0	1.0	4.0	0.0	0.0
Desulfosarcina	0.0	0.0	0.0	1.0	0.0	0.0	0.0	0.0	0.0	1.0	0.0	0.0
Desulfosporosinus	1.0	0.0	4.0	1.0	0.0	0.0	4.0	0.0	1.0	12.0	1.0	0.0
Desulfovermiculus	0.0	0.0	0.0	2.0	0.0	0.0	0.0	0.0	0.0	0.0	0.0	0.0
Desulfovibrio	1.0	0.0	8.0	36.0	0.0	1.0	1.0	2.0	1.0	20.0	5.0	0.0
Desulfovirga	0.0	0.0	0.0	39.0	0.0	1.0	0.0	1.0	0.0	2.0	1.0	0.0
Desulfurispora	0.0	0.0	0.0	0.0	0.0	0.0	1.0	0.0	0.0	0.0	0.0	0.0
Desulfurivibrio	0.0	0.0	0.0	2.0	0.0	0.0	0.0	0.0	0.0	0.0	0.0	0.0
Desulfuromonas	1.0	0.0	12.0	203.0	0.0	21.0	19.0	1.0	4.0	32.0	5.0	0.0
Devosia	10.0	3.0	329.0	1757.0	3.0	68.0	191.0	1.0	95.0	616.0	56.0	0.0
Dialister	0.0	0.0	15.0	11.0	0.0	2.0	3.0	0.0	9.0	27.0	10.0	0.0
Diaminobutyricimonas	0.0	0.0	2.0	0.0	0.0	0.0	0.0	0.0	0.0	27.0	0.0	0.0
Diaphorobacter	3.0	2.0	28.0	7.0	1.0	8.0	8.0	0.0	15.0	78.0	11.0	0.0
Dickeya	0.0	0.0	0.0	0.0	0.0	0.0	0.0	0.0	0.0	0.0	1.0	0.0
Dietzia	0.0	0.0	0.0	1.0	0.0	0.0	0.0	0.0	0.0	0.0	0.0	0.0
Dinghuibacter	7.0	10.0	149.0	104.0	0.0	306.0	256.0	1.0	136.0	123.0	236.0	0.0
Diplorickettsia	0.0	0.0	3.0	57.0	0.0	0.0	2.0	0.0	2.0	3.0	0.0	0.0
Diplosphaera	0.0	0.0	3.0	18.0	0.0	4.0	11.0	0.0	5.0	8.0	1.0	0.0
Dissulfurimicrobium	0.0	0.0	0.0	2.0	0.0	0.0	0.0	0.0	0.0	0.0	0.0	0.0
Dokdonella	8.0	1.0	925.0	61.0	2.0	59.0	67.0	0.0	12.0	428.0	16.0	0.0
Domibacillus	0.0	0.0	2.0	0.0	0.0	0.0	0.0	0.0	0.0	0.0	0.0	0.0
Dongia	0.0	0.0	44.0	220.0	0.0	10.0	9.0	0.0	8.0	46.0	3.0	0.0
Dorea	2.0	0.0	69.0	14.0	0.0	8.0	9.0	0.0	16.0	58.0	27.0	0.0
Draconibacterium	1.0	0.0	0.0	0.0	0.0	0.0	0.0	0.0	0.0	0.0	0.0	0.0
Duganella	25.0	3.0	106.0	219.0	1.0	290.0	394.0	2.0	414.0	1092.0	586.0	0.0
Dyadobacter	0.0	0.0	4.0	0.0	0.0	5.0	3.0	0.0	9.0	2.0	3.0	0.0
Dyella	0.0	0.0	0.0	1.0	0.0	0.0	0.0	0.0	0.0	6.0	0.0	0.0
Dysgonomonas	0.0	0.0	1.0	2.0	0.0	7.0	1.0	0.0	1.0	0.0	3.0	0.0
Ectothiorhodosinus	0.0	0.0	0.0	2.0	0.0	0.0	0.0	0.0	0.0	0.0	0.0	0.0
Ectothiorhodospira	0.0	0.0	0.0	3.0	0.0	0.0	0.0	0.0	1.0	0.0	0.0	0.0
Edwardsiella	0.0	0.0	0.0	0.0	0.0	0.0	1.0	7.0	0.0	0.0	1.0	0.0
Eggerthella	0.0	0.0	0.0	0.0	0.0	0.0	0.0	0.0	1.0	4.0	0.0	0.0
Eikenella	0.0	0.0	0.0	1.0	0.0	0.0	0.0	0.0	0.0	0.0	0.0	0.0
Eisenbergiella	0.0	1.0	1.0	0.0	0.0	0.0	0.0	0.0	0.0	0.0	1.0	0.0
Ekhidna	0.0	0.0	0.0	0.0	0.0	2.0	0.0	0.0	0.0	0.0	0.0	0.0
Elev-16S-1166	0.0	0.0	5.0	0.0	0.0	0.0	0.0	0.0	0.0	0.0	0.0	0.0
Ellin6055	0.0	0.0	0.0	1.0	0.0	0.0	0.0	0.0	0.0	0.0	0.0	0.0
Ellin6067	12.0	2.0	327.0	226.0	0.0	191.0	137.0	0.0	30.0	851.0	45.0	0.0
Elstera	1.0	0.0	0.0	23.0	0.0	0.0	1.0	0.0	4.0	1.0	1.0	0.0
Elusimicrobium	0.0	0.0	0.0	0.0	0.0	0.0	0.0	0.0	1.0	0.0	0.0	0.0
Emticicia	2.0	0.0	4.0	13.0	0.0	17.0	2.0	0.0	21.0	8.0	17.0	0.0
Endothiovibrio	0.0	0.0	0.0	0.0	0.0	0.0	0.0	0.0	0.0	1.0	0.0	0.0
Endozoicomonas	0.0	0.0	0.0	2.0	0.0	0.0	0.0	0.0	0.0	0.0	0.0	0.0
Enhydrobacter	1.0	0.0	3.0	11.0	0.0	0.0	1.0	0.0	0.0	0.0	0.0	0.0
Ensifer	0.0	0.0	0.0	6.0	0.0	0.0	3.0	0.0	1.0	10.0	0.0	0.0
Enterobacillus	0.0	0.0	0.0	0.0	0.0	0.0	0.0	6.0	0.0	0.0	1.0	0.0
Enterobacter	3.0	1.0	46.0	64.0	0.0	6.0	37.0	628.0	14.0	79.0	45.0	1.0
Enterococcus	0.0	2.0	31.0	14.0	4.0	5.0	6.0	17744.0	5.0	9.0	11.0	2.0
Enterorhabdus	0.0	0.0	2.0	0.0	0.0	0.0	1.0	0.0	0.0	2.0	0.0	0.0
Epulopiscium	0.0	0.0	1.0	0.0	0.0	0.0	2.0	0.0	0.0	0.0	1.0	0.0
Ercella	1.0	0.0	1.0	0.0	0.0	0.0	0.0	0.0	0.0	0.0	0.0	0.0
Erwinia	11.0	0.0	33.0	116.0	1.0	20.0	71.0	13.0	20.0	160.0	116.0	0.0
Erysipelatoclostridium	0.0	0.0	0.0	0.0	0.0	1.0	0.0	0.0	0.0	2.0	0.0	0.0
Erysipelothrix	0.0	0.0	2.0	0.0	0.0	1.0	0.0	0.0	0.0	0.0	1.0	0.0
Erysipelotrichaceae UCG-003	0.0	0.0	1.0	0.0	0.0	0.0	1.0	0.0	1.0	0.0	1.0	0.0
Erysipelotrichaceae UCG-004	0.0	0.0	0.0	1.0	0.0	1.0	0.0	0.0	0.0	0.0	0.0	0.0
Erythrobacter	0.0	0.0	12.0	196.0	0.0	8.0	12.0	0.0	7.0	31.0	7.0	0.0
Escherichia-Shigella	22.0	20.0	218.0	354.0	44.0	21.0	102.0	115157.0	70.0	322.0	244.0	10.0
Ethanoligenens	2.0	0.0	151.0	0.0	1.0	0.0	0.0	0.0	0.0	0.0	0.0	0.0
Eubacterium	0.0	0.0	2.0	3.0	0.0	2.0	1.0	0.0	0.0	2.0	0.0	0.0
Exiguobacterium	0.0	1.0	4.0	1.0	0.0	2.0	4.0	41.0	0.0	12.0	3.0	0.0
FFCH5858	0.0	0.0	0.0	0.0	0.0	1.0	0.0	0.0	0.0	0.0	0.0	0.0
FS142-36B-02	0.0	0.0	0.0	1.0	0.0	0.0	0.0	0.0	0.0	0.0	0.0	0.0
Facklamia	0.0	0.0	0.0	0.0	0.0	0.0	0.0	0.0	0.0	1.0	0.0	0.0
Faecalibacterium	18.0	2.0	230.0	899.0	1.0	99.0	210.0	2.0	217.0	1113.0	225.0	0.0
Faecalitalea	0.0	0.0	1.0	0.0	0.0	0.0	0.0	0.0	0.0	1.0	0.0	0.0
Falsirhodobacter	2.0	0.0	0.0	56.0	0.0	0.0	3.0	0.0	1.0	5.0	1.0	0.0
Family XIII AD3011 group	1.0	0.0	5.0	5.0	0.0	1.0	0.0	0.0	3.0	10.0	3.0	0.0
Family XIII UCG-001	0.0	0.0	0.0	0.0	0.0	0.0	1.0	0.0	1.0	0.0	1.0	0.0
Fastidiosipila	0.0	0.0	0.0	0.0	0.0	1.0	0.0	0.0	0.0	0.0	0.0	0.0
Fermentimonas	0.0	0.0	0.0	0.0	0.0	1.0	0.0	0.0	0.0	0.0	0.0	0.0
Ferribacterium	61.0	3.0	7484.0	1265.0	0.0	13.0	16.0	6.0	20.0	36.0	22.0	0.0
Ferritrophicum	9.0	1.0	25.0	57.0	0.0	46.0	30.0	0.0	23.0	184.0	43.0	0.0
Ferrovibrio	0.0	0.0	1.0	13.0	0.0	0.0	0.0	0.0	1.0	0.0	0.0	0.0
Ferrovum	0.0	0.0	0.0	1.0	0.0	0.0	1.0	0.0	0.0	0.0	0.0	0.0
Ferruginibacter	21.0	8.0	934.0	89.0	0.0	134.0	120.0	0.0	36.0	85.0	50.0	0.0
Fibrobacter	0.0	0.0	0.0	4.0	0.0	0.0	1.0	0.0	8.0	3.0	1.0	0.0
Fictibacillus	0.0	0.0	0.0	0.0	0.0	0.0	0.0	1.0	0.0	2.0	0.0	0.0
Filobacterium	0.0	0.0	1.0	0.0	0.0	0.0	0.0	0.0	0.0	1.0	0.0	0.0
Filomicrobium	0.0	0.0	3.0	8.0	0.0	0.0	0.0	0.0	0.0	0.0	0.0	0.0
Fimbriiglobus	0.0	1.0	45.0	16.0	0.0	2.0	16.0	0.0	2.0	47.0	2.0	0.0
Finegoldia	0.0	0.0	1.0	0.0	0.0	0.0	0.0	0.0	0.0	0.0	0.0	0.0
Flavihumibacter	4.0	0.0	30.0	10.0	0.0	34.0	21.0	0.0	1.0	31.0	0.0	0.0
Flaviramulus	0.0	0.0	0.0	1.0	0.0	0.0	0.0	0.0	0.0	0.0	0.0	0.0
Flavisolibacter	0.0	0.0	2.0	1.0	0.0	2.0	0.0	0.0	1.0	6.0	0.0	0.0
Flavitalea	0.0	0.0	5.0	2.0	0.0	2.0	0.0	0.0	0.0	0.0	0.0	0.0
Flavobacterium	244.0	108.0	1762.0	2435.0	13.0	3718.0	5961.0	15.0	7428.0	1866.0	6111.0	8.0
Flavonifractor	0.0	0.0	1.0	0.0	0.0	0.0	0.0	0.0	0.0	2.0	1.0	0.0
Flectobacillus	1.0	1.0	6.0	3.0	0.0	0.0	0.0	0.0	2.0	0.0	3.0	0.0
Flexithrix	0.0	0.0	1.0	0.0	0.0	0.0	0.0	0.0	0.0	0.0	0.0	0.0
Fluviicoccus	1.0	0.0	0.0	32.0	0.0	1.0	2.0	0.0	0.0	2.0	1.0	0.0
Fluviicola	21.0	7.0	369.0	622.0	2.0	761.0	712.0	1.0	1352.0	414.0	984.0	1.0
Fluviimonas	0.0	0.0	0.0	0.0	0.0	2.0	4.0	0.0	2.0	0.0	1.0	0.0
Fodinicola	1.0	1.0	65.0	5.0	0.0	3.0	13.0	0.0	1.0	43.0	6.0	0.0
Fonticella	0.0	0.0	3.0	6.0	0.0	0.0	0.0	0.0	0.0	0.0	0.0	0.0
Fontimonas	0.0	0.0	0.0	0.0	0.0	1.0	1.0	0.0	0.0	0.0	0.0	0.0
Formivibrio	0.0	0.0	12.0	109.0	0.0	1.0	10.0	0.0	1.0	12.0	6.0	0.0
Fournierella	0.0	0.0	2.0	3.0	0.0	0.0	1.0	0.0	3.0	0.0	3.0	0.0
Francisella	0.0	0.0	0.0	0.0	0.0	0.0	0.0	0.0	1.0	0.0	0.0	0.0
Franconibacter	0.0	0.0	0.0	0.0	0.0	0.0	0.0	13.0	0.0	0.0	0.0	0.0
Friedmanniella	0.0	0.0	2.0	0.0	0.0	0.0	0.0	0.0	0.0	0.0	0.0	0.0
Frigidibacter	0.0	0.0	0.0	3.0	0.0	0.0	0.0	0.0	0.0	0.0	0.0	0.0
Frigoribacterium	0.0	0.0	0.0	0.0	0.0	0.0	0.0	0.0	2.0	0.0	0.0	0.0
Frondihabitans	0.0	0.0	0.0	0.0	0.0	0.0	0.0	0.0	0.0	6.0	0.0	0.0
Fuerstia	0.0	0.0	0.0	1.0	0.0	0.0	0.0	0.0	0.0	0.0	0.0	0.0
FukuN18 freshwater group	0.0	0.0	2.0	0.0	0.0	0.0	1.0	0.0	0.0	0.0	0.0	0.0
FukuN57	1.0	0.0	4.0	33.0	0.0	1.0	7.0	0.0	0.0	10.0	0.0	0.0
Fulvivirga	0.0	0.0	0.0	0.0	0.0	0.0	0.0	0.0	0.0	1.0	1.0	0.0
Fusibacter	5.0	0.0	81.0	8.0	0.0	21.0	9.0	0.0	20.0	5.0	6.0	0.0
Fusicatenibacter	8.0	0.0	113.0	21.0	0.0	14.0	25.0	0.0	39.0	73.0	25.0	1.0
Fusobacterium	0.0	0.0	0.0	0.0	0.0	2.0	1.0	0.0	0.0	0.0	0.0	0.0
GCA-900066225	1.0	0.0	3.0	0.0	0.0	0.0	1.0	0.0	0.0	0.0	0.0	0.0
GCA-900066575	0.0	0.0	0.0	0.0	0.0	0.0	2.0	0.0	1.0	12.0	0.0	0.0
GKS98 freshwater group	20.0	8.0	672.0	662.0	1.0	647.0	257.0	1.0	499.0	2205.0	1253.0	1.0
GOUTA6	2.0	0.0	6.0	27.0	0.0	25.0	11.0	0.0	10.0	90.0	15.0	0.0
GOUTB8	0.0	0.0	0.0	0.0	0.0	1.0	1.0	0.0	0.0	0.0	0.0	0.0
GWE2-31-10	0.0	0.0	1.0	0.0	0.0	3.0	2.0	0.0	0.0	0.0	0.0	0.0
Gaetbulibacter	0.0	0.0	0.0	2.0	0.0	0.0	0.0	0.0	0.0	0.0	0.0	0.0
Gaiella	1.0	0.0	11.0	1.0	0.0	3.0	5.0	0.0	3.0	68.0	1.0	0.0
Galbitalea	0.0	0.0	8.0	1.0	0.0	0.0	7.0	0.0	2.0	8.0	1.0	0.0
Gallicola	0.0	0.0	0.0	0.0	0.0	0.0	0.0	0.0	0.0	1.0	0.0	0.0
Gallionella	20.0	4.0	62.0	262.0	0.0	135.0	149.0	0.0	108.0	318.0	131.0	0.0
Geitlerinema LD9	0.0	0.0	0.0	0.0	0.0	0.0	1.0	0.0	0.0	0.0	0.0	0.0
Geitlerinema PCC-7105	0.0	0.0	14.0	2.0	0.0	0.0	0.0	0.0	0.0	0.0	0.0	0.0
Geminicoccus	0.0	0.0	1.0	2.0	0.0	0.0	0.0	0.0	0.0	0.0	0.0	0.0
Geminocystis PCC-6308	0.0	0.0	5.0	0.0	0.0	0.0	0.0	0.0	0.0	0.0	0.0	0.0
Gemmata	2.0	0.0	21.0	15.0	0.0	7.0	12.0	0.0	2.0	130.0	4.0	0.0
Gemmatimonas	2.0	0.0	67.0	374.0	0.0	31.0	20.0	0.0	16.0	110.0	8.0	0.0
Gemmobacter	1.0	1.0	104.0	701.0	0.0	27.0	188.0	0.0	63.0	547.0	70.0	0.0
Geobacter	6.0	2.0	77.0	671.0	0.0	42.0	43.0	1.0	15.0	73.0	20.0	0.0
Georgenia	0.0	0.0	1.0	0.0	0.0	0.0	0.0	0.0	0.0	0.0	0.0	0.0
Georgfuchsia	0.0	0.0	18.0	6.0	0.0	16.0	4.0	0.0	5.0	13.0	5.0	0.0
Geothermobacter	3.0	0.0	26.0	204.0	0.0	14.0	26.0	0.0	1.0	42.0	1.0	0.0
Geothrix	1.0	0.0	7.0	15.0	0.0	5.0	6.0	0.0	2.0	8.0	0.0	0.0
Giesbergeria	6.0	2.0	32.0	12.0	0.0	7.0	20.0	0.0	22.0	42.0	17.0	0.0
Gilliamella	0.0	0.0	0.0	0.0	0.0	2.0	1.0	0.0	1.0	1.0	0.0	0.0
Gillisia	0.0	0.0	0.0	0.0	0.0	0.0	0.0	0.0	1.0	0.0	0.0	0.0
Glaciihabitans	0.0	0.0	0.0	0.0	0.0	0.0	1.0	0.0	0.0	1.0	0.0	0.0
Glaciimonas	1.0	0.0	2.0	5.0	0.0	3.0	3.0	0.0	10.0	4.0	8.0	0.0
Gluconobacter	0.0	0.0	0.0	0.0	0.0	0.0	0.0	0.0	1.0	0.0	0.0	0.0
Gottschalkia	0.0	0.0	1.0	0.0	0.0	0.0	1.0	0.0	0.0	0.0	0.0	0.0
Gracilibacter	0.0	0.0	2.0	0.0	0.0	6.0	0.0	0.0	0.0	0.0	0.0	0.0
Granulicatella	0.0	0.0	1.0	0.0	0.0	0.0	0.0	180.0	1.0	0.0	0.0	0.0
Guggenheimella	0.0	0.0	0.0	0.0	0.0	0.0	0.0	0.0	0.0	0.0	1.0	0.0
Gulbenkiania	0.0	0.0	0.0	22.0	0.0	0.0	0.0	0.0	0.0	5.0	2.0	0.0
HIMB11	0.0	0.0	0.0	0.0	0.0	0.0	1.0	0.0	0.0	0.0	0.0	0.0
Haematobacter	0.0	0.0	7.0	31.0	1.0	2.0	6.0	0.0	1.0	13.0	2.0	0.0
Haematospirillum	0.0	0.0	2.0	34.0	1.0	2.0	3.0	0.0	0.0	0.0	0.0	0.0
Haemophilus	1.0	1.0	6.0	12.0	0.0	1.0	3.0	0.0	6.0	16.0	10.0	0.0
Hafnia-Obesumbacterium	0.0	0.0	4.0	19.0	0.0	3.0	2.0	1.0	3.0	3.0	6.0	0.0
Hahella	0.0	0.0	1.0	24.0	0.0	1.0	0.0	0.0	0.0	0.0	0.0	0.0
Haliangium	57.0	10.0	7176.0	420.0	2.0	250.0	214.0	4.0	89.0	1497.0	47.0	0.0
Halioglobus	1.0	2.0	9.0	25.0	0.0	4.0	7.0	0.0	1.0	13.0	2.0	0.0
Haliscomenobacter	21.0	1.0	1574.0	14.0	2.0	6.0	51.0	0.0	6.0	10.0	3.0	2.0
Halobacillus	0.0	0.0	0.0	0.0	0.0	0.0	0.0	0.0	0.0	1.0	0.0	0.0
Halobacteriovorax	0.0	0.0	3.0	10.0	0.0	1.0	3.0	0.0	0.0	0.0	0.0	0.0
Halomonas	7.0	4.0	111.0	1219.0	0.0	9.0	22.0	1.0	8.0	53.0	14.0	0.0
Halovulum	0.0	0.0	7.0	53.0	0.0	1.0	6.0	0.0	0.0	23.0	0.0	0.0
Hansschlegelia	0.0	0.0	0.0	2.0	0.0	0.0	0.0	0.0	0.0	0.0	0.0	0.0
HdN1	0.0	0.0	0.0	9.0	0.0	0.0	0.0	0.0	0.0	0.0	0.0	0.0
Helicobacter	0.0	0.0	2.0	4.0	0.0	4.0	0.0	0.0	0.0	0.0	6.0	0.0
Herbaspirillum	0.0	4.0	16.0	11.0	0.0	9.0	13.0	0.0	12.0	18.0	18.0	0.0
Herbinix	0.0	0.0	5.0	0.0	0.0	6.0	2.0	0.0	4.0	10.0	4.0	0.0
Herminiimonas	3.0	2.0	33.0	42.0	0.0	27.0	47.0	0.0	29.0	67.0	56.0	0.0
Herpetosiphon	0.0	0.0	1.0	0.0	0.0	0.0	0.0	0.0	0.0	0.0	0.0	0.0
Hespellia	0.0	0.0	1.0	0.0	0.0	0.0	0.0	0.0	0.0	0.0	0.0	0.0
Hirschia	0.0	0.0	4.0	2.0	0.0	0.0	0.0	0.0	0.0	0.0	0.0	0.0
Hoeflea	0.0	0.0	0.0	1.0	0.0	0.0	2.0	0.0	0.0	0.0	0.0	0.0
Holdemanella	0.0	0.0	0.0	0.0	0.0	0.0	0.0	0.0	2.0	1.0	0.0	0.0
Holospora	0.0	0.0	1.0	4.0	0.0	1.0	1.0	0.0	1.0	0.0	1.0	0.0
Humitalea	0.0	0.0	0.0	0.0	0.0	0.0	1.0	0.0	0.0	0.0	0.0	0.0
Hungatella	0.0	0.0	1.0	0.0	0.0	0.0	0.0	0.0	0.0	0.0	0.0	0.0
Hydrocarboniphaga	0.0	0.0	0.0	6.0	0.0	0.0	1.0	0.0	0.0	0.0	0.0	0.0
Hydrogenispora	0.0	0.0	2.0	0.0	0.0	3.0	3.0	0.0	2.0	9.0	1.0	0.0
Hydrogenophaga	121.0	128.0	1318.0	1368.0	7.0	1078.0	1631.0	5.0	1294.0	7308.0	2039.0	1.0
Hylemonella	0.0	0.0	2.0	6.0	0.0	0.0	0.0	0.0	1.0	8.0	1.0	0.0
Hymenobacter	0.0	0.0	2.0	0.0	0.0	0.0	1.0	0.0	2.0	0.0	1.0	0.0
Hyphobacterium	0.0	0.0	0.0	0.0	0.0	1.0	0.0	0.0	0.0	0.0	0.0	0.0
Hyphomicrobium	6.0	0.0	632.0	1091.0	0.0	40.0	120.0	1.0	35.0	555.0	24.0	0.0
Hypnocyclicus	2.0	2.0	11.0	4.0	0.0	25.0	9.0	0.0	44.0	0.0	56.0	0.0
I-8	0.0	0.0	0.0	2.0	0.0	0.0	0.0	0.0	0.0	0.0	0.0	0.0
IMCC26134	10.0	1.0	54.0	560.0	0.0	254.0	261.0	0.0	109.0	275.0	57.0	1.0
IMCC26207	0.0	0.0	51.0	1.0	0.0	0.0	2.0	0.0	0.0	10.0	0.0	0.0
IS-44	2.0	0.0	8.0	28.0	1.0	33.0	12.0	0.0	4.0	121.0	10.0	0.0
Iamia	1.0	0.0	41.0	4.0	0.0	0.0	1.0	0.0	0.0	28.0	0.0	0.0
Ideonella	8.0	3.0	228.0	73.0	0.0	37.0	50.0	1.0	30.0	181.0	72.0	0.0
Ignatzschineria	0.0	0.0	0.0	61.0	0.0	7.0	14.0	0.0	0.0	2.0	4.0	0.0
Ignavibacterium	0.0	0.0	1.0	0.0	0.0	5.0	1.0	0.0	0.0	0.0	0.0	0.0
IheB2-23	0.0	0.0	0.0	2.0	0.0	0.0	0.0	0.0	0.0	0.0	0.0	0.0
Ilumatobacter	0.0	1.0	27.0	11.0	0.0	10.0	16.0	0.0	5.0	69.0	1.0	0.0
Ilyobacter	0.0	0.0	0.0	0.0	0.0	1.0	0.0	0.0	0.0	0.0	0.0	0.0
Immundisolibacter	0.0	0.0	1.0	5.0	0.0	0.0	1.0	0.0	0.0	0.0	0.0	0.0
Imperialibacter	0.0	0.0	0.0	3.0	0.0	0.0	2.0	0.0	1.0	0.0	0.0	0.0
Incertae Sedis	0.0	0.0	0.0	0.0	0.0	0.0	0.0	0.0	0.0	1.0	0.0	0.0
Inhella	6.0	1.0	189.0	7.0	0.0	8.0	11.0	0.0	1.0	6.0	1.0	0.0
Inquilinus	0.0	0.0	0.0	0.0	0.0	1.0	0.0	0.0	0.0	0.0	0.0	0.0
Intestinibacter	0.0	1.0	36.0	0.0	0.0	7.0	3.0	0.0	0.0	15.0	5.0	0.0
Intestinimonas	0.0	0.0	0.0	1.0	0.0	0.0	0.0	0.0	0.0	1.0	1.0	0.0
Iodobacter	1.0	1.0	8.0	232.0	0.0	7.0	23.0	0.0	8.0	23.0	3.0	0.0
Izhakiella	0.0	0.0	1.0	0.0	0.0	0.0	1.0	0.0	0.0	4.0	0.0	0.0
JGI 0001001-H03	0.0	0.0	4.0	1.0	0.0	9.0	2.0	0.0	0.0	1.0	0.0	0.0
JGI-0000079-D21	0.0	0.0	0.0	0.0	0.0	0.0	1.0	0.0	0.0	2.0	0.0	0.0
Jannaschia	0.0	0.0	0.0	6.0	0.0	0.0	0.0	0.0	0.0	0.0	0.0	0.0
Janthinobacterium	19.0	2.0	111.0	225.0	3.0	222.0	351.0	1.0	250.0	942.0	407.0	0.0
Jeotgalibaca	0.0	0.0	2.0	0.0	0.0	1.0	0.0	0.0	1.0	0.0	1.0	0.0
KCM-B-112	0.0	0.0	1.0	8.0	0.0	1.0	0.0	0.0	0.0	0.0	0.0	0.0
Kaistia	0.0	0.0	14.0	63.0	0.0	2.0	7.0	0.0	9.0	28.0	0.0	0.0
Kamptonema PCC-6407	1.0	0.0	2.0	0.0	0.0	2.0	0.0	0.0	0.0	0.0	0.0	0.0
Kerstersia	0.0	2.0	18.0	6.0	0.0	2.0	0.0	1.0	10.0	14.0	13.0	0.0
Ketogulonicigenium	1.0	0.0	21.0	211.0	0.0	11.0	41.0	0.0	8.0	42.0	4.0	0.0
Kineosporia	0.0	0.0	5.0	0.0	0.0	0.0	0.0	0.0	0.0	0.0	0.0	0.0
Kingella	0.0	0.0	0.0	6.0	0.0	1.0	0.0	0.0	0.0	1.0	0.0	0.0
Kinneretia	0.0	0.0	0.0	0.0	0.0	0.0	1.0	0.0	0.0	2.0	0.0	0.0
Klebsiella	3.0	2.0	83.0	131.0	0.0	5.0	44.0	378.0	19.0	105.0	80.0	0.0
Kluyvera	12.0	2.0	129.0	53.0	0.0	1.0	22.0	24.0	16.0	71.0	40.0	0.0
Kocuria	0.0	0.0	0.0	0.0	0.0	0.0	0.0	0.0	0.0	2.0	0.0	0.0
Kosakonia	0.0	0.0	0.0	1.0	0.0	0.0	0.0	97.0	0.0	1.0	1.0	0.0
Koukoulia	1.0	0.0	1.0	25.0	0.0	2.0	7.0	0.0	0.0	0.0	1.0	0.0
Kouleothrix	1.0	0.0	59.0	1.0	0.0	0.0	2.0	0.0	0.0	1.0	0.0	0.0
Kurthia	0.0	0.0	0.0	0.0	0.0	0.0	0.0	2.0	1.0	0.0	0.0	0.0
Labrenzia	0.0	0.0	0.0	1.0	0.0	0.0	0.0	0.0	0.0	0.0	0.0	0.0
Labrys	0.0	0.0	19.0	31.0	0.0	4.0	0.0	0.0	0.0	3.0	0.0	0.0
Lachnoclostridium	4.0	0.0	36.0	7.0	0.0	14.0	4.0	0.0	28.0	60.0	21.0	0.0
Lachnoclostridium 10	0.0	0.0	0.0	0.0	0.0	0.0	1.0	0.0	1.0	0.0	0.0	0.0
Lachnoclostridium 5	0.0	0.0	0.0	0.0	0.0	0.0	0.0	0.0	0.0	1.0	0.0	0.0
Lachnospira	2.0	2.0	30.0	7.0	0.0	8.0	7.0	1.0	8.0	23.0	10.0	0.0
Lachnospiraceae AC2044 group	1.0	0.0	0.0	0.0	0.0	0.0	0.0	0.0	0.0	0.0	0.0	0.0
Lachnospiraceae FCS020 group	0.0	0.0	7.0	8.0	0.0	4.0	1.0	0.0	9.0	15.0	2.0	0.0
Lachnospiraceae FE2018 group	0.0	0.0	0.0	0.0	0.0	1.0	0.0	0.0	0.0	0.0	0.0	0.0
Lachnospiraceae NC2004 group	0.0	0.0	2.0	0.0	0.0	0.0	0.0	0.0	0.0	0.0	1.0	0.0
Lachnospiraceae ND3007 group	3.0	0.0	17.0	2.0	0.0	0.0	0.0	0.0	0.0	7.0	3.0	0.0
Lachnospiraceae NK3A20 group	0.0	0.0	5.0	0.0	0.0	0.0	0.0	0.0	0.0	0.0	0.0	0.0
Lachnospiraceae NK4A136 group	12.0	0.0	41.0	36.0	0.0	24.0	18.0	0.0	43.0	104.0	28.0	0.0
Lachnospiraceae UCG-001	0.0	0.0	2.0	0.0	0.0	0.0	0.0	0.0	1.0	2.0	4.0	0.0
Lachnospiraceae UCG-003	0.0	0.0	2.0	3.0	0.0	2.0	0.0	0.0	1.0	1.0	1.0	0.0
Lachnospiraceae UCG-004	2.0	0.0	8.0	0.0	0.0	3.0	3.0	0.0	8.0	26.0	7.0	0.0
Lachnospiraceae UCG-008	0.0	1.0	2.0	0.0	0.0	1.0	0.0	1.0	0.0	1.0	2.0	0.0
Lachnospiraceae UCG-009	0.0	0.0	0.0	0.0	0.0	0.0	0.0	0.0	0.0	1.0	0.0	0.0
Lacibacter	0.0	0.0	2.0	0.0	0.0	5.0	3.0	0.0	2.0	0.0	1.0	0.0
Lacibacterium	0.0	0.0	0.0	14.0	0.0	0.0	1.0	0.0	0.0	4.0	0.0	0.0
Lacihabitans	26.0	7.0	166.0	137.0	0.0	241.0	265.0	1.0	166.0	164.0	171.0	1.0
Lacticigenium	0.0	0.0	0.0	0.0	0.0	1.0	0.0	0.0	0.0	0.0	0.0	0.0
Lactivibrio	0.0	0.0	1.0	0.0	0.0	0.0	0.0	0.0	0.0	0.0	1.0	0.0
Lactobacillus	3.0	12.0	32.0	17.0	4.0	3.0	11.0	17093.0	9.0	10.0	4.0	0.0
Lactococcus	1.0	0.0	31.0	2.0	0.0	0.0	1.0	0.0	1.0	1.0	0.0	0.0
Lacunisphaera	5.0	1.0	64.0	753.0	0.0	168.0	180.0	0.0	61.0	218.0	39.0	0.0
Lamprocystis	0.0	0.0	0.0	1.0	0.0	0.0	0.0	0.0	0.0	0.0	4.0	0.0
Lampropedia	0.0	0.0	0.0	0.0	0.0	2.0	0.0	0.0	0.0	1.0	0.0	0.0
Laribacter	0.0	0.0	5.0	22.0	0.0	0.0	1.0	0.0	0.0	1.0	2.0	0.0
Lautropia	5.0	1.0	639.0	43.0	1.0	71.0	41.0	0.0	20.0	160.0	32.0	0.0
Leadbetterella	0.0	0.0	0.0	1.0	0.0	2.0	0.0	0.0	4.0	0.0	7.0	0.0
Leeia	0.0	0.0	0.0	1.0	0.0	0.0	0.0	0.0	0.0	1.0	5.0	0.0
Legionella	13.0	2.0	283.0	1820.0	1.0	35.0	125.0	0.0	65.0	291.0	107.0	0.0
Leifsonia	0.0	0.0	1.0	0.0	0.0	2.0	0.0	0.0	0.0	1.0	0.0	0.0
Lelliottia	1.0	0.0	39.0	26.0	0.0	0.0	13.0	1.0	5.0	78.0	21.0	0.0
Lentimicrobium	0.0	0.0	1.0	0.0	0.0	0.0	0.0	0.0	0.0	0.0	0.0	0.0
Lentimonas	0.0	0.0	1.0	17.0	0.0	10.0	22.0	0.0	3.0	16.0	1.0	0.0
Lentisphaera	1.0	0.0	6.0	97.0	0.0	13.0	35.0	0.0	23.0	21.0	18.0	0.0
Leptospira	5.0	3.0	161.0	3.0	0.0	10.0	5.0	0.0	2.0	1.0	4.0	0.0
Leptospirillum	0.0	0.0	0.0	5.0	0.0	0.0	0.0	0.0	0.0	0.0	0.0	0.0
Leptothrix	23.0	5.0	1030.0	127.0	1.0	95.0	126.0	0.0	69.0	496.0	114.0	0.0
Leptotrichia	0.0	0.0	0.0	1.0	0.0	0.0	1.0	0.0	1.0	0.0	0.0	0.0
Leucobacter	0.0	0.0	7.0	1.0	0.0	5.0	2.0	0.0	2.0	27.0	1.0	0.0
Leuconostoc	0.0	0.0	1.0	1.0	0.0	0.0	0.0	0.0	0.0	8.0	0.0	0.0
Lewinella	0.0	0.0	2.0	0.0	0.0	0.0	0.0	0.0	3.0	0.0	0.0	0.0
Limnobacter	6.0	2.0	59.0	62.0	0.0	40.0	56.0	0.0	50.0	127.0	65.0	0.0
Limnohabitans	2240.0	5050.0	26451.0	22743.0	140.0	27196.0	56328.0	75.0	32950.0	89702.0	35122.0	27.0
Listeria	2.0	7.0	15.0	10.0	7.0	2.0	5.0	27210.0	2.0	6.0	6.0	4.0
Litoricola	0.0	0.0	0.0	1.0	0.0	0.0	0.0	0.0	0.0	0.0	0.0	0.0
Litorilinea	0.0	0.0	0.0	1.0	0.0	0.0	1.0	0.0	0.0	0.0	0.0	0.0
Litorimonas	0.0	0.0	0.0	0.0	0.0	0.0	0.0	0.0	0.0	1.0	0.0	0.0
Litorivivens	0.0	0.0	0.0	1.0	0.0	0.0	0.0	0.0	0.0	0.0	0.0	0.0
Loktanella	0.0	0.0	2.0	7.0	0.0	0.0	0.0	0.0	0.0	3.0	0.0	0.0
Lonsdalea	0.0	0.0	0.0	0.0	0.0	0.0	1.0	0.0	1.0	0.0	0.0	0.0
Luedemannella	0.0	0.0	0.0	0.0	0.0	0.0	0.0	0.0	0.0	1.0	2.0	0.0
Luteibacter	0.0	0.0	0.0	1.0	0.0	2.0	0.0	0.0	2.0	7.0	5.0	0.0
Luteimonas	0.0	0.0	4.0	10.0	0.0	2.0	3.0	0.0	6.0	27.0	2.0	0.0
Luteitalea	0.0	0.0	2.0	0.0	0.0	0.0	0.0	0.0	0.0	7.0	0.0	0.0
Luteococcus	0.0	0.0	4.0	0.0	0.0	0.0	0.0	0.0	0.0	0.0	0.0	0.0
Luteolibacter	0.0	1.0	36.0	23.0	0.0	1.0	2.0	0.0	1.0	8.0	1.0	0.0
Lutibacter	0.0	0.0	1.0	0.0	0.0	0.0	0.0	0.0	0.0	0.0	3.0	0.0
Lutispora	0.0	1.0	30.0	1.0	0.0	3.0	1.0	0.0	0.0	0.0	1.0	0.0
Lysinibacillus	0.0	0.0	3.0	0.0	0.0	0.0	0.0	0.0	0.0	2.0	0.0	0.0
Lysinimicrobium	0.0	0.0	0.0	1.0	0.0	0.0	0.0	0.0	4.0	0.0	0.0	0.0
Lysinimonas	0.0	0.0	0.0	2.0	0.0	0.0	0.0	0.0	0.0	9.0	0.0	0.0
Lysobacter	8.0	2.0	404.0	24.0	0.0	18.0	17.0	0.0	10.0	172.0	19.0	0.0
Lyticum	0.0	0.0	0.0	2.0	0.0	1.0	0.0	0.0	0.0	6.0	0.0	0.0
M2PT2-76 termite group	0.0	0.0	1.0	1.0	0.0	2.0	0.0	0.0	0.0	0.0	3.0	0.0
MAT-CR-P4-C12	0.0	0.0	0.0	0.0	0.0	0.0	1.0	0.0	0.0	0.0	0.0	0.0
MB11C04 marine group	0.0	0.0	0.0	3.0	0.0	4.0	1.0	0.0	0.0	0.0	0.0	0.0
MD3-55	0.0	0.0	1.0	9.0	0.0	1.0	0.0	0.0	1.0	0.0	0.0	0.0
MIZ17	0.0	0.0	0.0	0.0	0.0	0.0	0.0	0.0	0.0	0.0	1.0	0.0
MM1	0.0	0.0	1.0	0.0	0.0	0.0	4.0	0.0	0.0	8.0	0.0	0.0
MM2	0.0	0.0	2.0	3.0	0.0	5.0	1.0	0.0	0.0	7.0	0.0	0.0
MND1	10.0	2.0	57.0	58.0	1.0	73.0	65.0	1.0	24.0	418.0	43.0	0.0
MSBL3	0.0	0.0	0.0	6.0	0.0	5.0	2.0	0.0	1.0	1.0	1.0	0.0
MSBL7	0.0	0.0	0.0	1.0	0.0	0.0	0.0	0.0	0.0	0.0	0.0	0.0
MWH-Ta3	3.0	0.0	21.0	9.0	0.0	11.0	25.0	0.0	26.0	28.0	9.0	0.0
MWH-UniP1 aquatic group	1.0	0.0	0.0	3.0	0.0	0.0	0.0	0.0	0.0	0.0	2.0	0.0
Macellibacteroides	0.0	0.0	3.0	8.0	0.0	2.0	2.0	0.0	7.0	1.0	5.0	0.0
Magnetococcus	1.0	0.0	2.0	6.0	0.0	1.0	0.0	0.0	1.0	2.0	2.0	0.0
Magnetospira	0.0	0.0	0.0	6.0	0.0	0.0	1.0	0.0	0.0	0.0	0.0	0.0
Magnetospirillum	0.0	0.0	1.0	191.0	0.0	5.0	13.0	0.0	10.0	21.0	10.0	0.0
Magnetovibrio	0.0	0.0	0.0	0.0	0.0	0.0	0.0	0.0	1.0	0.0	0.0	0.0
Malikia	175.0	132.0	315.0	779.0	4.0	1406.0	1549.0	1.0	1235.0	4382.0	1104.0	0.0
Mangrovibacter	0.0	0.0	0.0	0.0	0.0	0.0	0.0	2.0	0.0	0.0	0.0	0.0
Mangroviflexus	0.0	0.0	0.0	0.0	0.0	0.0	0.0	0.0	0.0	0.0	1.0	0.0
Maribacter	0.0	0.0	0.0	0.0	0.0	0.0	2.0	0.0	1.0	0.0	0.0	0.0
Marinagarivorans	0.0	0.0	0.0	5.0	0.0	0.0	11.0	0.0	0.0	1.0	2.0	0.0
Marine Methylotrophic Group 2	0.0	0.0	0.0	1.0	0.0	0.0	0.0	0.0	0.0	0.0	0.0	0.0
Marinicella	0.0	0.0	0.0	1.0	0.0	0.0	0.0	0.0	0.0	0.0	0.0	0.0
Marinifilum	0.0	0.0	0.0	1.0	0.0	0.0	0.0	0.0	0.0	1.0	0.0	0.0
Marinimicrobium	0.0	0.0	0.0	5.0	0.0	0.0	0.0	0.0	0.0	0.0	0.0	0.0
Marinobacter	0.0	0.0	0.0	1.0	0.0	0.0	0.0	0.0	0.0	0.0	0.0	0.0
Marinobacterium	0.0	1.0	1.0	3.0	0.0	1.0	0.0	1.0	0.0	0.0	0.0	0.0
Marinomonas	0.0	0.0	0.0	2.0	0.0	0.0	0.0	0.0	1.0	0.0	0.0	0.0
Marinoscillum	0.0	0.0	1.0	0.0	0.0	1.0	1.0	0.0	3.0	0.0	3.0	0.0
Marinospirillum	0.0	0.0	0.0	38.0	0.0	0.0	1.0	0.0	0.0	0.0	0.0	0.0
Marinosulfonomonas	0.0	0.0	0.0	0.0	0.0	1.0	0.0	0.0	0.0	0.0	0.0	0.0
Maritimimonas	0.0	0.0	0.0	0.0	0.0	2.0	0.0	0.0	0.0	0.0	0.0	0.0
Marivirga	0.0	0.0	0.0	0.0	0.0	1.0	0.0	0.0	0.0	0.0	0.0	0.0
Marmoricola	0.0	0.0	39.0	0.0	0.0	0.0	0.0	0.0	0.0	4.0	1.0	0.0
Martelella	0.0	0.0	0.0	1.0	0.0	0.0	0.0	0.0	0.0	0.0	0.0	0.0
Marvinbryantia	0.0	0.0	3.0	0.0	0.0	0.0	6.0	0.0	4.0	2.0	0.0	0.0
Massilia	138.0	56.0	977.0	1453.0	5.0	1265.0	1672.0	7.0	1428.0	3918.0	1915.0	0.0
Megamonas	3.0	2.0	19.0	10.0	0.0	15.0	3.0	0.0	10.0	5.0	16.0	0.0
Meganema	0.0	0.0	0.0	2.0	0.0	0.0	0.0	0.0	0.0	0.0	0.0	0.0
Megasphaera	2.0	0.0	7.0	0.0	0.0	1.0	0.0	0.0	1.0	8.0	1.0	0.0
Meniscus	0.0	0.0	0.0	6.0	0.0	0.0	0.0	0.0	0.0	0.0	0.0	0.0
Mesorhizobium	0.0	0.0	101.0	217.0	0.0	6.0	25.0	0.0	11.0	112.0	8.0	0.0
Methylibium	0.0	0.0	9.0	19.0	0.0	9.0	6.0	0.0	10.0	49.0	9.0	0.0
Methylobacillus	0.0	0.0	3.0	2.0	0.0	1.0	0.0	0.0	3.0	4.0	3.0	0.0
Methylobacter	0.0	0.0	0.0	2.0	0.0	0.0	0.0	0.0	1.0	0.0	0.0	0.0
Methylobacterium	7.0	0.0	11.0	3413.0	0.0	16.0	25.0	1.0	10.0	38.0	7.0	0.0
Methylocaldum	0.0	0.0	1.0	1.0	0.0	0.0	1.0	0.0	0.0	1.0	0.0	0.0
Methylocapsa	0.0	0.0	0.0	0.0	0.0	0.0	1.0	0.0	0.0	0.0	0.0	0.0
Methyloceanibacter	0.0	0.0	0.0	5.0	0.0	0.0	0.0	0.0	0.0	3.0	0.0	0.0
Methylocella	0.0	0.0	0.0	4.0	0.0	0.0	1.0	0.0	0.0	0.0	1.0	0.0
Methylococcus	0.0	0.0	0.0	1.0	0.0	0.0	1.0	0.0	0.0	0.0	0.0	0.0
Methylocystis	0.0	0.0	15.0	65.0	0.0	1.0	2.0	0.0	3.0	58.0	1.0	0.0
Methyloglobulus	0.0	0.0	0.0	1.0	0.0	0.0	0.0	0.0	0.0	1.0	0.0	0.0
Methyloligella	0.0	0.0	0.0	0.0	0.0	0.0	0.0	0.0	1.0	0.0	0.0	0.0
Methylomagnum	0.0	0.0	0.0	1.0	0.0	0.0	0.0	0.0	0.0	0.0	0.0	0.0
Methylomonas	0.0	0.0	0.0	2.0	0.0	0.0	0.0	0.0	0.0	0.0	0.0	0.0
Methylonatrum	0.0	0.0	0.0	2.0	0.0	0.0	0.0	0.0	0.0	0.0	0.0	0.0
Methyloparacoccus	0.0	0.0	0.0	18.0	0.0	0.0	0.0	0.0	0.0	0.0	0.0	0.0
Methylophilus	6.0	3.0	28.0	63.0	0.0	34.0	34.0	0.0	35.0	51.0	48.0	0.0
Methylorosula	0.0	0.0	206.0	21.0	0.0	0.0	3.0	1.0	1.0	2.0	1.0	0.0
Methylosinus	0.0	0.0	3.0	9.0	0.0	0.0	2.0	0.0	0.0	14.0	0.0	0.0
Methylotenera	99.0	72.0	752.0	2796.0	5.0	263.0	938.0	4.0	461.0	709.0	1782.0	2.0
Methyloterrigena	0.0	0.0	0.0	0.0	0.0	0.0	0.0	0.0	0.0	1.0	0.0	0.0
Methyloversatilis	0.0	0.0	14.0	4.0	0.0	6.0	2.0	0.0	1.0	11.0	4.0	0.0
Methylovirgula	0.0	0.0	1.0	1.0	0.0	0.0	0.0	0.0	0.0	0.0	0.0	0.0
Methylovorus	0.0	0.0	0.0	0.0	0.0	0.0	0.0	0.0	0.0	1.0	0.0	0.0
Methylovulum	0.0	0.0	1.0	0.0	0.0	0.0	0.0	0.0	0.0	0.0	0.0	0.0
Microbacterium	0.0	0.0	14.0	1.0	1.0	3.0	2.0	0.0	4.0	67.0	5.0	0.0
Microbulbifer	0.0	0.0	0.0	1.0	0.0	0.0	0.0	0.0	0.0	0.0	0.0	0.0
Microcystis PCC-7914	0.0	0.0	0.0	0.0	0.0	0.0	0.0	0.0	1.0	0.0	0.0	0.0
Microlunatus	0.0	0.0	2.0	0.0	0.0	0.0	0.0	0.0	0.0	12.0	0.0	0.0
Micromonospora	0.0	0.0	2.0	0.0	0.0	0.0	0.0	0.0	0.0	11.0	1.0	0.0
Micropepsis	0.0	0.0	0.0	1.0	0.0	0.0	0.0	0.0	0.0	0.0	0.0	0.0
Micropruina	0.0	0.0	228.0	1.0	0.0	0.0	0.0	1.0	0.0	0.0	0.0	0.0
Microvirga	0.0	0.0	2.0	58.0	0.0	1.0	11.0	0.0	1.0	15.0	0.0	0.0
Microvirgula	1.0	0.0	0.0	0.0	0.0	0.0	0.0	0.0	0.0	0.0	1.0	0.0
Milano-WF1B-03	0.0	0.0	0.0	1.0	0.0	0.0	0.0	0.0	0.0	0.0	0.0	0.0
Minicystis	0.0	0.0	1.0	2.0	0.0	0.0	0.0	0.0	0.0	0.0	0.0	0.0
Mitsuaria	0.0	0.0	6.0	0.0	0.0	0.0	0.0	0.0	2.0	5.0	3.0	0.0
Mitsuokella	0.0	0.0	3.0	4.0	0.0	1.0	0.0	0.0	0.0	0.0	1.0	0.0
Mobilitalea	0.0	0.0	0.0	0.0	0.0	0.0	0.0	0.0	1.0	0.0	0.0	0.0
Mogibacterium	0.0	0.0	1.0	0.0	0.0	0.0	0.0	0.0	0.0	0.0	1.0	0.0
Moraxella	0.0	0.0	0.0	1.0	0.0	0.0	0.0	0.0	0.0	0.0	0.0	0.0
Morganella	0.0	0.0	0.0	3.0	0.0	0.0	1.0	1.0	0.0	0.0	0.0	0.0
Mucilaginibacter	4.0	2.0	30.0	33.0	1.0	45.0	40.0	0.0	58.0	60.0	68.0	0.0
Mucinivorans	0.0	0.0	0.0	11.0	0.0	0.0	0.0	0.0	0.0	0.0	0.0	0.0
Mucispirillum	0.0	0.0	1.0	3.0	0.0	0.0	2.0	0.0	2.0	0.0	2.0	0.0
Muribaculum	0.0	0.0	0.0	0.0	0.0	0.0	0.0	0.0	0.0	1.0	0.0	0.0
Mycobacterium	0.0	0.0	4.0	0.0	0.0	0.0	0.0	0.0	1.0	4.0	0.0	0.0
Myroides	0.0	0.0	0.0	0.0	0.0	0.0	0.0	0.0	1.0	0.0	0.0	0.0
Myxococcus	0.0	0.0	0.0	1.0	0.0	0.0	0.0	0.0	0.0	0.0	0.0	0.0
NS10 marine group	0.0	0.0	0.0	0.0	0.0	1.0	0.0	0.0	1.0	0.0	0.0	0.0
Nakamurella	0.0	0.0	1.0	1.0	0.0	0.0	0.0	0.0	0.0	2.0	0.0	0.0
Nannocystis	4.0	0.0	323.0	50.0	0.0	7.0	2.0	1.0	1.0	39.0	2.0	0.0
Negativibacillus	0.0	0.0	0.0	9.0	0.0	1.0	0.0	0.0	5.0	3.0	2.0	0.0
Neisseria	0.0	0.0	0.0	33.0	0.0	1.0	0.0	0.0	0.0	6.0	0.0	0.0
Neorhizobium	1.0	0.0	0.0	13.0	0.0	0.0	8.0	0.0	0.0	8.0	2.0	0.0
Nevskia	1.0	0.0	1.0	22.0	0.0	1.0	1.0	0.0	2.0	7.0	1.0	0.0
Nitratifractor	0.0	0.0	0.0	0.0	0.0	0.0	0.0	0.0	0.0	2.0	0.0	0.0
Nitratireductor	1.0	0.0	29.0	229.0	0.0	6.0	8.0	0.0	0.0	51.0	3.0	0.0
Nitrobacter	0.0	0.0	8.0	11.0	0.0	1.0	0.0	0.0	1.0	2.0	0.0	0.0
Nitrosomonas	11.0	2.0	347.0	137.0	0.0	5.0	6.0	1.0	3.0	6.0	5.0	0.0
Nitrosospira	1.0	0.0	1.0	37.0	0.0	1.0	1.0	0.0	0.0	4.0	0.0	0.0
Nitrospira	39.0	1.0	3207.0	1402.0	3.0	93.0	64.0	3.0	31.0	288.0	23.0	0.0
Nitrospirillum	0.0	0.0	0.0	2.0	0.0	0.0	0.0	0.0	0.0	0.0	0.0	0.0
Niveibacterium	0.0	0.0	0.0	0.0	0.0	0.0	0.0	0.0	1.0	0.0	0.0	0.0
Niveispirillum	0.0	0.0	2.0	21.0	0.0	2.0	5.0	0.0	1.0	2.0	1.0	0.0
Nocardioides	0.0	0.0	25.0	0.0	0.0	1.0	2.0	0.0	0.0	27.0	1.0	0.0
Nordella	1.0	0.0	32.0	242.0	0.0	8.0	25.0	0.0	7.0	110.0	10.0	0.0
Nostoc PCC-73102	0.0	0.0	1.0	0.0	0.0	0.0	1.0	0.0	0.0	0.0	0.0	0.0
Novibacillus	0.0	0.0	1.0	0.0	0.0	0.0	0.0	0.0	0.0	3.0	0.0	0.0
Noviherbaspirillum	8.0	6.0	87.0	153.0	0.0	114.0	150.0	0.0	133.0	132.0	165.0	0.0
Novispirillum	0.0	0.0	0.0	4.0	0.0	0.0	1.0	0.0	0.0	0.0	0.0	0.0
Novosphingobium	15.0	6.0	744.0	4604.0	4.0	288.0	410.0	2.0	182.0	1335.0	143.0	1.0
Nubsella	0.0	0.0	0.0	0.0	0.0	0.0	0.0	0.0	1.0	0.0	0.0	0.0
OLB12	1.0	0.0	109.0	13.0	0.0	31.0	21.0	0.0	4.0	8.0	3.0	0.0
OLB8	1.0	0.0	68.0	0.0	0.0	1.0	0.0	0.0	0.0	0.0	0.0	0.0
OM27 clade	4.0	2.0	66.0	286.0	0.0	27.0	11.0	1.0	2.0	156.0	3.0	0.0
OM43 clade	0.0	1.0	2.0	7.0	0.0	0.0	0.0	1.0	2.0	0.0	0.0	0.0
OM60(NOR5) clade	1.0	0.0	25.0	30.0	1.0	2.0	9.0	0.0	0.0	27.0	5.0	0.0
Occallatibacter	0.0	0.0	0.0	0.0	0.0	0.0	0.0	0.0	0.0	0.0	1.0	0.0
Oceanicella	0.0	0.0	0.0	1.0	0.0	0.0	0.0	0.0	0.0	0.0	0.0	0.0
Oceaniserpentilla	0.0	0.0	0.0	1.0	0.0	0.0	0.0	0.0	0.0	0.0	0.0	0.0
Oceanisphaera	0.0	0.0	0.0	0.0	0.0	0.0	2.0	0.0	0.0	1.0	0.0	0.0
Oceanobacillus	0.0	0.0	0.0	1.0	0.0	0.0	0.0	0.0	0.0	0.0	0.0	0.0
Oceanobacter	0.0	0.0	0.0	12.0	0.0	0.0	0.0	1.0	0.0	0.0	0.0	0.0
Oceanococcus	0.0	0.0	0.0	1.0	0.0	0.0	0.0	0.0	0.0	0.0	0.0	0.0
Ochrobactrum	0.0	0.0	0.0	21.0	0.0	0.0	0.0	0.0	1.0	4.0	0.0	0.0
Odoribacter	0.0	0.0	3.0	8.0	0.0	6.0	3.0	0.0	3.0	0.0	3.0	0.0
Ohtaekwangia	0.0	0.0	0.0	1.0	0.0	0.0	0.0	0.0	0.0	0.0	0.0	0.0
Oleiphilus	1.0	0.0	0.0	4.0	0.0	0.0	2.0	0.0	0.0	1.0	1.0	0.0
Oleomonas	0.0	0.0	0.0	9.0	0.0	0.0	0.0	0.0	0.0	0.0	0.0	0.0
Oligoflexus	4.0	2.0	12.0	696.0	0.0	26.0	39.0	0.0	32.0	31.0	25.0	0.0
Oligosphaera	0.0	0.0	0.0	0.0	0.0	0.0	0.0	0.0	0.0	0.0	1.0	0.0
Opitutus	0.0	0.0	17.0	206.0	0.0	19.0	32.0	0.0	12.0	49.0	7.0	0.0
Oribacterium	0.0	0.0	0.0	1.0	0.0	0.0	1.0	0.0	0.0	0.0	0.0	0.0
Ornithinibacter	1.0	0.0	94.0	1.0	0.0	0.0	1.0	0.0	0.0	11.0	0.0	0.0
Ornithobacterium	0.0	0.0	0.0	0.0	0.0	0.0	0.0	0.0	0.0	0.0	1.0	0.0
Orrella	0.0	0.0	0.0	0.0	0.0	0.0	0.0	0.0	0.0	0.0	1.0	0.0
Oscillibacter	0.0	1.0	4.0	0.0	0.0	1.0	6.0	0.0	1.0	14.0	1.0	0.0
Oscillospira	0.0	1.0	0.0	0.0	0.0	0.0	0.0	0.0	0.0	1.0	0.0	0.0
Ottowia	1.0	2.0	17.0	3.0	0.0	8.0	8.0	0.0	8.0	35.0	4.0	0.0
Oxalicibacterium	0.0	0.0	10.0	15.0	0.0	13.0	20.0	1.0	15.0	23.0	22.0	0.0
Oxalobacter	2.0	3.0	6.0	19.0	0.0	4.0	22.0	0.0	14.0	42.0	5.0	0.0
Oxobacter	0.0	0.0	0.0	0.0	0.0	0.0	0.0	0.0	0.0	0.0	1.0	0.0
PAUC26f	0.0	0.0	0.0	1.0	0.0	0.0	0.0	0.0	0.0	0.0	0.0	0.0
Paenalcaligenes	0.0	0.0	0.0	0.0	0.0	0.0	0.0	0.0	0.0	0.0	2.0	0.0
Paenarthrobacter	1.0	0.0	0.0	0.0	0.0	0.0	0.0	0.0	1.0	9.0	0.0	0.0
Paenibacillus	3.0	1.0	18.0	1.0	0.0	13.0	8.0	0.0	3.0	43.0	6.0	0.0
Paeniclostridium	1.0	0.0	2.0	4.0	0.0	2.0	1.0	0.0	4.0	3.0	1.0	0.0
Paeniglutamicibacter	0.0	0.0	0.0	0.0	0.0	0.0	0.0	0.0	1.0	1.0	0.0	0.0
Paenirhodobacter	0.0	0.0	4.0	3.0	0.0	0.0	1.0	0.0	0.0	7.0	4.0	0.0
Paenisporosarcina	1.0	0.0	6.0	0.0	0.0	0.0	0.0	0.0	0.0	3.0	1.0	0.0
Paenochrobactrum	0.0	0.0	1.0	0.0	0.0	0.0	0.0	0.0	0.0	0.0	0.0	0.0
Pajaroellobacter	2.0	0.0	111.0	56.0	0.0	8.0	10.0	0.0	1.0	24.0	0.0	0.0
Paludibacter	1.0	0.0	7.0	4.0	0.0	12.0	4.0	0.0	16.0	29.0	27.0	0.0
Paludibacterium	0.0	0.0	2.0	50.0	0.0	3.0	4.0	0.0	1.0	1.0	0.0	0.0
Paludibaculum	2.0	0.0	32.0	4.0	0.0	4.0	4.0	0.0	0.0	1.0	0.0	0.0
Paludisphaera	0.0	0.0	1.0	1.0	0.0	0.0	1.0	0.0	0.0	19.0	0.0	0.0
Panacagrimonas	0.0	0.0	0.0	34.0	0.0	0.0	2.0	0.0	0.0	0.0	4.0	0.0
Pannonibacter	0.0	0.0	1.0	0.0	0.0	0.0	0.0	0.0	0.0	0.0	0.0	0.0
Pantoea	0.0	0.0	7.0	6.0	0.0	1.0	21.0	43.0	2.0	35.0	27.0	0.0
Parabacteroides	0.0	0.0	7.0	3.0	0.0	12.0	7.0	0.0	7.0	7.0	6.0	0.0
Parablastomonas	0.0	0.0	4.0	41.0	0.0	4.0	3.0	0.0	4.0	15.0	1.0	0.0
Paraclostridium	0.0	0.0	0.0	0.0	0.0	0.0	0.0	0.0	1.0	0.0	0.0	0.0
Paracoccus	1.0	0.0	138.0	107.0	0.0	11.0	12.0	0.0	3.0	37.0	2.0	1.0
Paradevosia	0.0	0.0	0.0	0.0	0.0	0.0	0.0	0.0	0.0	1.0	0.0	0.0
Parafrigoribacterium	0.0	0.0	1.0	0.0	0.0	0.0	0.0	0.0	0.0	0.0	0.0	0.0
Parahaliea	0.0	0.0	0.0	1.0	0.0	0.0	0.0	0.0	0.0	0.0	0.0	0.0
Paraliobacillus	0.0	0.0	0.0	0.0	0.0	0.0	0.0	1.0	0.0	0.0	0.0	0.0
Paraperlucidibaca	1.0	0.0	2.0	48.0	0.0	0.0	2.0	0.0	1.0	14.0	12.0	0.0
Paraprevotella	0.0	0.0	0.0	0.0	0.0	0.0	0.0	0.0	1.0	1.0	2.0	0.0
Parapusillimonas	0.0	0.0	0.0	0.0	0.0	0.0	0.0	0.0	1.0	0.0	0.0	0.0
Parasediminibacterium	0.0	0.0	0.0	0.0	0.0	0.0	0.0	0.0	1.0	0.0	0.0	0.0
Parasegetibacter	0.0	0.0	4.0	0.0	0.0	0.0	1.0	0.0	0.0	0.0	0.0	0.0
Parasutterella	0.0	0.0	0.0	0.0	0.0	0.0	0.0	0.0	1.0	0.0	1.0	0.0
Parvibaculum	0.0	0.0	1.0	1.0	0.0	1.0	0.0	0.0	0.0	0.0	0.0	0.0
Patulibacter	0.0	0.0	0.0	0.0	0.0	0.0	0.0	0.0	2.0	0.0	0.0	0.0
Paucibacter	6.0	8.0	71.0	67.0	0.0	55.0	68.0	0.0	56.0	209.0	68.0	0.0
Pectobacterium	0.0	1.0	6.0	4.0	0.0	0.0	4.0	9.0	1.0	3.0	2.0	0.0
Pedobacter	6.0	4.0	113.0	25.0	0.0	58.0	48.0	0.0	52.0	62.0	77.0	0.0
Pedomicrobium	1.0	1.0	135.0	312.0	1.0	20.0	27.0	0.0	6.0	192.0	6.0	0.0
Pelagibius	0.0	0.0	0.0	2.0	0.0	0.0	0.0	0.0	0.0	0.0	0.0	0.0
Pelagicoccus	0.0	0.0	1.0	3.0	0.0	3.0	3.0	0.0	1.0	5.0	0.0	0.0
Pelobacter	0.0	0.0	2.0	9.0	0.0	0.0	1.0	0.0	2.0	1.0	0.0	0.0
Pelolinea	0.0	0.0	1.0	0.0	0.0	0.0	0.0	0.0	0.0	0.0	0.0	0.0
Pelomonas	5.0	5.0	35.0	45.0	0.0	36.0	62.0	0.0	33.0	126.0	53.0	0.0
Pelosinus	1.0	1.0	10.0	2.0	0.0	4.0	5.0	0.0	6.0	8.0	3.0	0.0
Peptoclostridium	0.0	0.0	0.0	0.0	0.0	0.0	4.0	0.0	0.0	0.0	0.0	0.0
Peptococcus	0.0	0.0	5.0	0.0	0.0	1.0	0.0	0.0	1.0	0.0	3.0	0.0
Peredibacter	4.0	1.0	18.0	307.0	0.0	15.0	19.0	0.0	19.0	4.0	15.0	0.0
Perlucidibaca	1.0	0.0	9.0	724.0	2.0	2.0	25.0	0.0	3.0	37.0	26.0	0.0
Permianibacter	0.0	0.0	1.0	36.0	0.0	0.0	2.0	0.0	0.0	0.0	1.0	0.0
Persicirhabdus	0.0	0.0	0.0	1.0	0.0	0.0	0.0	0.0	0.0	0.0	0.0	0.0
Phaeochromatium	0.0	0.0	0.0	0.0	0.0	0.0	0.0	0.0	0.0	1.0	0.0	0.0
Phaeocystidibacter	0.0	0.0	1.0	1.0	0.0	1.0	0.0	0.0	0.0	0.0	0.0	0.0
Phaeodactylibacter	0.0	0.0	7.0	1.0	0.0	0.0	1.0	0.0	0.0	0.0	0.0	0.0
Phaeospirillum	0.0	0.0	0.0	5.0	0.0	0.0	0.0	0.0	0.0	0.0	0.0	0.0
Phascolarctobacterium	3.0	0.0	26.0	12.0	0.0	15.0	14.0	0.0	17.0	10.0	11.0	0.0
Phaselicystis	1.0	0.0	147.0	69.0	0.0	7.0	1.0	0.0	1.0	23.0	4.0	0.0
Phaseolibacter	0.0	0.0	0.0	0.0	0.0	0.0	0.0	1.0	0.0	0.0	0.0	0.0
Phenylobacterium	0.0	1.0	64.0	404.0	0.0	14.0	19.0	1.0	19.0	101.0	10.0	0.0
Phocea	0.0	0.0	0.0	0.0	0.0	0.0	0.0	0.0	0.0	4.0	0.0	0.0
Phormidesmis ANT.LACV5.1	0.0	0.0	0.0	0.0	0.0	0.0	6.0	0.0	0.0	0.0	0.0	0.0
Photorhabdus	0.0	0.0	2.0	0.0	0.0	0.0	0.0	0.0	1.0	1.0	1.0	0.0
Phreatobacter	1.0	1.0	64.0	298.0	1.0	11.0	34.0	0.0	9.0	54.0	5.0	0.0
Phycicoccus	0.0	0.0	0.0	0.0	0.0	0.0	0.0	0.0	0.0	3.0	0.0	0.0
Phyllobacterium	0.0	0.0	4.0	10.0	0.0	0.0	3.0	0.0	0.0	15.0	0.0	0.0
Pigmentiphaga	0.0	0.0	0.0	0.0	0.0	0.0	2.0	0.0	0.0	4.0	0.0	0.0
Pir2 lineage	0.0	0.0	0.0	7.0	0.0	0.0	1.0	0.0	0.0	0.0	0.0	0.0
Pir4 lineage	0.0	0.0	2.0	36.0	1.0	2.0	3.0	0.0	0.0	13.0	0.0	0.0
Pirellula	2.0	0.0	28.0	189.0	0.0	0.0	23.0	0.0	2.0	56.0	4.0	0.0
Piscinibacter	19.0	3.0	897.0	17.0	0.0	0.0	3.0	0.0	7.0	24.0	5.0	0.0
Planctomicrobium	0.0	0.0	0.0	1.0	0.0	0.0	0.0	0.0	0.0	0.0	0.0	0.0
Planctopirus	0.0	0.0	0.0	5.0	0.0	0.0	1.0	0.0	0.0	3.0	0.0	0.0
Planktomarina	0.0	0.0	0.0	0.0	0.0	0.0	1.0	0.0	0.0	0.0	0.0	0.0
Planktothrix NIVA-CYA 15	0.0	0.0	3.0	0.0	0.0	1.0	4.0	0.0	5.0	0.0	7.0	0.0
Planococcus	0.0	0.0	1.0	0.0	0.0	0.0	0.0	0.0	0.0	0.0	0.0	0.0
Planomicrobium	0.0	0.0	6.0	3.0	0.0	0.0	7.0	0.0	1.0	17.0	0.0	0.0
Plasticicumulans	0.0	0.0	5.0	2.0	0.0	0.0	0.0	0.0	0.0	0.0	0.0	0.0
Pleomorphomonas	0.0	0.0	4.0	1.0	0.0	0.0	2.0	0.0	0.0	9.0	0.0	0.0
Plesiomonas	0.0	0.0	0.0	0.0	0.0	0.0	0.0	0.0	0.0	1.0	0.0	0.0
Pleurocapsa PCC-7319	0.0	0.0	1.0	0.0	0.0	0.0	3.0	0.0	0.0	4.0	0.0	0.0
Plot4-2H12	0.0	0.0	0.0	1.0	0.0	0.0	0.0	0.0	0.0	0.0	0.0	0.0
Pluralibacter	0.0	0.0	1.0	0.0	0.0	0.0	0.0	21.0	0.0	0.0	0.0	0.0
Polaromonas	177.0	271.0	1862.0	3221.0	11.0	2277.0	5162.0	3.0	3351.0	7561.0	2931.0	3.0
Polyangium	1.0	0.0	50.0	13.0	0.0	1.0	1.0	0.0	0.0	14.0	0.0	0.0
Polycyclovorans	0.0	0.0	0.0	94.0	0.0	0.0	2.0	0.0	0.0	3.0	0.0	0.0
Polymorphobacter	1.0	1.0	44.0	503.0	0.0	25.0	39.0	0.0	22.0	207.0	13.0	0.0
Polynucleobacter	172.0	138.0	1769.0	1877.0	7.0	1753.0	2623.0	9.0	1669.0	2502.0	3609.0	1.0
Pontivivens	0.0	0.0	0.0	1.0	0.0	0.0	0.0	0.0	0.0	0.0	0.0	0.0
Porphyrobacter	2.0	0.0	9.0	59.0	0.0	1.0	7.0	0.0	2.0	30.0	0.0	0.0
Porphyromonas	0.0	0.0	1.0	0.0	0.0	0.0	0.0	0.0	0.0	0.0	0.0	0.0
Portibacter	0.0	0.0	0.0	0.0	0.0	0.0	0.0	0.0	0.0	1.0	0.0	0.0
Porticoccus	0.0	0.0	2.0	131.0	0.0	0.0	1.0	0.0	0.0	4.0	0.0	0.0
Pragia	0.0	0.0	0.0	1.0	0.0	0.0	0.0	0.0	0.0	1.0	1.0	0.0
Prevotella 1	1.0	0.0	11.0	0.0	0.0	0.0	0.0	0.0	2.0	0.0	2.0	0.0
Prevotella 7	0.0	0.0	0.0	0.0	0.0	1.0	0.0	0.0	0.0	0.0	0.0	0.0
Prevotella 9	1.0	0.0	41.0	17.0	0.0	6.0	12.0	0.0	20.0	13.0	29.0	0.0
Prevotellaceae NK3B31 group	0.0	0.0	1.0	2.0	0.0	0.0	1.0	0.0	0.0	0.0	0.0	0.0
Prevotellaceae UCG-001	0.0	0.0	1.0	0.0	0.0	0.0	0.0	0.0	0.0	0.0	1.0	0.0
Prevotellaceae UCG-003	0.0	0.0	0.0	0.0	0.0	0.0	0.0	0.0	1.0	0.0	0.0	0.0
Pricia	0.0	0.0	0.0	0.0	0.0	0.0	1.0	0.0	0.0	0.0	0.0	0.0
Procabacter	0.0	0.0	0.0	0.0	0.0	0.0	0.0	0.0	0.0	2.0	0.0	0.0
Prolixibacter	0.0	0.0	0.0	0.0	0.0	1.0	0.0	0.0	0.0	0.0	0.0	0.0
Propioniciclava	0.0	0.0	2.0	0.0	0.0	0.0	0.0	0.0	0.0	0.0	0.0	0.0
Propionicimonas	0.0	0.0	3.0	0.0	0.0	0.0	0.0	0.0	0.0	0.0	0.0	0.0
Propionispira	2.0	0.0	9.0	0.0	0.0	6.0	2.0	0.0	6.0	13.0	1.0	0.0
Propionispora	0.0	0.0	1.0	0.0	0.0	0.0	0.0	0.0	0.0	0.0	0.0	0.0
Propionivibrio	3.0	1.0	17.0	269.0	0.0	9.0	12.0	1.0	4.0	42.0	13.0	0.0
Prosthecobacter	0.0	0.0	7.0	0.0	0.0	0.0	0.0	0.0	0.0	0.0	0.0	0.0
Prosthecomicrobium	0.0	0.0	22.0	0.0	0.0	0.0	2.0	0.0	0.0	0.0	0.0	0.0
Proteiniclasticum	2.0	1.0	121.0	6.0	0.0	6.0	2.0	0.0	3.0	4.0	6.0	0.0
Proteiniphilum	0.0	0.0	0.0	0.0	0.0	0.0	1.0	0.0	1.0	0.0	0.0	0.0
Proteocatella	0.0	0.0	15.0	3.0	0.0	5.0	5.0	0.0	6.0	1.0	5.0	0.0
Proteus	0.0	0.0	0.0	0.0	0.0	0.0	0.0	1.0	0.0	2.0	0.0	0.0
Providencia	0.0	0.0	3.0	5.0	0.0	2.0	9.0	0.0	0.0	2.0	9.0	0.0
Pseudacidovorax	0.0	0.0	1.0	0.0	0.0	1.0	0.0	0.0	0.0	0.0	0.0	0.0
Pseudahrensia	0.0	0.0	0.0	0.0	0.0	0.0	0.0	0.0	0.0	1.0	0.0	0.0
Pseudaminobacter	0.0	0.0	0.0	0.0	0.0	0.0	0.0	0.0	1.0	0.0	0.0	0.0
Pseudanabaena PCC-6802	0.0	0.0	1.0	0.0	0.0	0.0	0.0	0.0	0.0	0.0	0.0	0.0
Pseudanabaena PCC-7429	0.0	0.0	1.0	1.0	0.0	0.0	0.0	0.0	0.0	0.0	0.0	0.0
Pseudarcicella	1650.0	852.0	13589.0	14625.0	77.0	15800.0	29467.0	29.0	47146.0	11047.0	36737.0	17.0
Pseudarthrobacter	0.0	0.0	0.0	0.0	0.0	0.0	0.0	0.0	0.0	1.0	0.0	0.0
Pseudoalteromonas	0.0	0.0	0.0	0.0	0.0	0.0	0.0	0.0	1.0	0.0	1.0	0.0
Pseudobacteroides	1.0	0.0	0.0	0.0	0.0	2.0	0.0	0.0	0.0	0.0	0.0	0.0
Pseudochrobactrum	0.0	0.0	1.0	5.0	0.0	0.0	1.0	0.0	0.0	1.0	0.0	0.0
Pseudocitrobacter	0.0	0.0	0.0	0.0	0.0	0.0	0.0	6.0	0.0	0.0	0.0	0.0
Pseudoclavibacter	0.0	0.0	0.0	0.0	0.0	0.0	0.0	0.0	0.0	1.0	0.0	0.0
Pseudoduganella	0.0	0.0	1.0	0.0	0.0	1.0	0.0	0.0	0.0	8.0	0.0	0.0
Pseudoflavitalea	0.0	0.0	1.0	0.0	0.0	0.0	0.0	0.0	0.0	0.0	0.0	0.0
Pseudofulvimonas	1.0	0.0	0.0	1.0	0.0	0.0	0.0	0.0	1.0	4.0	0.0	0.0
Pseudogulbenkiania	0.0	0.0	0.0	2.0	0.0	0.0	0.0	0.0	0.0	0.0	0.0	0.0
Pseudohaliea	0.0	0.0	0.0	1.0	0.0	0.0	0.0	0.0	0.0	0.0	0.0	0.0
Pseudohongiella	2.0	3.0	3.0	1410.0	0.0	3.0	32.0	0.0	14.0	14.0	27.0	0.0
Pseudolabrys	0.0	0.0	15.0	105.0	0.0	8.0	12.0	0.0	11.0	33.0	14.0	0.0
Pseudomonas	69.0	40.0	434.0	14359.0	5.0	94.0	427.0	2495.0	120.0	948.0	572.0	6.0
Pseudooceanicola	0.0	0.0	1.0	0.0	0.0	0.0	0.0	0.0	0.0	0.0	0.0	0.0
Pseudorhizobium	0.0	0.0	0.0	0.0	0.0	0.0	0.0	0.0	0.0	1.0	0.0	0.0
Pseudorhodobacter	15.0	12.0	620.0	4337.0	9.0	191.0	1015.0	9.0	278.0	1770.0	224.0	4.0
Pseudorhodoferax	1.0	4.0	7.0	6.0	0.0	4.0	10.0	0.0	6.0	18.0	4.0	0.0
Pseudorhodoplanes	0.0	1.0	46.0	272.0	0.0	4.0	28.0	0.0	12.0	86.0	3.0	0.0
Pseudosphingobacterium	0.0	0.0	0.0	0.0	0.0	0.0	0.0	0.0	1.0	0.0	0.0	0.0
Pseudovibrio	0.0	0.0	0.0	0.0	0.0	0.0	0.0	0.0	0.0	1.0	0.0	0.0
Pseudoxanthobacter	0.0	0.0	0.0	3.0	0.0	0.0	0.0	0.0	0.0	3.0	0.0	0.0
Pseudoxanthomonas	4.0	0.0	54.0	46.0	0.0	41.0	29.0	0.0	15.0	386.0	24.0	0.0
Psychrobacillus	0.0	0.0	1.0	0.0	0.0	0.0	0.0	0.0	0.0	0.0	0.0	0.0
Psychrobacter	0.0	0.0	2.0	65.0	0.0	0.0	1.0	1.0	0.0	0.0	0.0	0.0
Psychroglaciecola	0.0	0.0	0.0	4.0	0.0	0.0	1.0	0.0	0.0	8.0	0.0	0.0
Puniceicoccus	0.0	0.0	0.0	12.0	0.0	5.0	6.0	0.0	0.0	4.0	1.0	0.0
Pusillimonas	0.0	0.0	0.0	6.0	0.0	0.0	1.0	0.0	1.0	1.0	1.0	0.0
Pygmaiobacter	0.0	0.0	0.0	0.0	0.0	0.0	0.0	0.0	0.0	1.0	0.0	0.0
Qipengyuania	0.0	0.0	2.0	6.0	0.0	3.0	0.0	0.0	0.0	4.0	3.0	0.0
Quatrionicoccus	0.0	0.0	0.0	22.0	0.0	0.0	4.0	0.0	4.0	27.0	2.0	0.0
R76-B128	0.0	0.0	0.0	0.0	0.0	2.0	2.0	0.0	0.0	0.0	0.0	0.0
RBG-16-49-21	1.0	0.0	0.0	0.0	0.0	0.0	0.0	0.0	0.0	0.0	0.0	0.0
RS62 marine group	0.0	3.0	6.0	4.0	0.0	5.0	6.0	1.0	5.0	6.0	5.0	0.0
Rahnella	2.0	1.0	25.0	111.0	1.0	12.0	33.0	0.0	17.0	68.0	49.0	0.0
Ralstonia	0.0	0.0	2.0	0.0	0.0	0.0	1.0	0.0	0.0	1.0	0.0	0.0
Ramlibacter	8.0	4.0	81.0	31.0	2.0	38.0	40.0	0.0	19.0	125.0	15.0	0.0
Raoultella	1.0	1.0	62.0	75.0	0.0	2.0	10.0	13.0	8.0	67.0	34.0	0.0
Rehaibacterium	0.0	0.0	0.0	0.0	0.0	0.0	0.0	0.0	0.0	2.0	0.0	0.0
Reyranella	1.0	1.0	296.0	280.0	2.0	22.0	20.0	1.0	5.0	104.0	11.0	0.0
Rheinheimera	40.0	10.0	70.0	227.0	0.0	19.0	138.0	3.0	72.0	96.0	113.0	0.0
Rhizobacter	51.0	12.0	1240.0	468.0	4.0	338.0	365.0	1.0	266.0	1413.0	409.0	0.0
Rhizorhapis	0.0	0.0	35.0	481.0	0.0	25.0	33.0	1.0	17.0	148.0	12.0	0.0
Rhodanobacter	0.0	0.0	1.0	8.0	0.0	2.0	4.0	0.0	4.0	5.0	3.0	0.0
Rhodobacter	18.0	16.0	2454.0	6497.0	12.0	220.0	1070.0	9.0	425.0	2460.0	345.0	1.0
Rhodoblastus	0.0	0.0	0.0	1.0	0.0	0.0	0.0	0.0	0.0	0.0	0.0	0.0
Rhodococcus	0.0	0.0	7.0	8.0	0.0	0.0	2.0	0.0	2.0	16.0	1.0	0.0
Rhodocyclus	0.0	0.0	2.0	2.0	0.0	0.0	0.0	0.0	0.0	0.0	1.0	0.0
Rhodoferax	893.0	1488.0	8527.0	6989.0	47.0	9299.0	18843.0	21.0	7495.0	25325.0	10149.0	6.0
Rhodoligotrophos	0.0	0.0	0.0	5.0	0.0	0.0	0.0	0.0	0.0	0.0	0.0	0.0
Rhodoluna	26.0	0.0	290.0	184.0	1.0	252.0	558.0	3.0	493.0	1066.0	320.0	0.0
Rhodomicrobium	0.0	0.0	2.0	23.0	0.0	0.0	2.0	0.0	2.0	8.0	0.0	0.0
Rhodopirellula	0.0	0.0	0.0	4.0	0.0	0.0	0.0	0.0	0.0	1.0	0.0	0.0
Rhodoplanes	1.0	0.0	77.0	46.0	0.0	2.0	6.0	0.0	3.0	22.0	0.0	0.0
Rhodopseudomonas	0.0	0.0	4.0	19.0	0.0	4.0	4.0	0.0	1.0	20.0	1.0	0.0
Rhodovastum	0.0	0.0	5.0	34.0	0.0	3.0	1.0	0.0	0.0	6.0	0.0	0.0
Rickettsia	1.0	0.0	7.0	15.0	0.0	6.0	2.0	0.0	0.0	0.0	2.0	0.0
Rickettsiella	16.0	4.0	383.0	3272.0	2.0	98.0	313.0	0.0	174.0	395.0	251.0	0.0
Riemerella	0.0	0.0	0.0	0.0	0.0	1.0	0.0	0.0	0.0	0.0	0.0	0.0
Rikenellaceae RC9 gut group	3.0	2.0	31.0	16.0	1.0	16.0	24.0	0.0	41.0	40.0	57.0	0.0
Rivibacter	1.0	0.0	2.0	0.0	0.0	0.0	1.0	0.0	0.0	6.0	1.0	0.0
Rivicola	7.0	3.0	115.0	1346.0	0.0	35.0	74.0	0.0	48.0	234.0	90.0	0.0
Robiginitomaculum	0.0	0.0	1.0	0.0	0.0	0.0	0.0	0.0	0.0	0.0	0.0	0.0
Romboutsia	18.0	0.0	759.0	39.0	0.0	45.0	64.0	0.0	54.0	196.0	54.0	0.0
Roseateles	0.0	0.0	3.0	0.0	0.0	0.0	0.0	0.0	1.0	0.0	1.0	0.0
Roseburia	8.0	1.0	63.0	43.0	0.0	11.0	28.0	1.0	49.0	72.0	50.0	0.0
Roseiarcus	0.0	0.0	0.0	1.0	0.0	0.0	0.0	0.0	0.0	1.0	0.0	0.0
Roseimarinus	1.0	1.0	1.0	16.0	0.0	9.0	5.0	0.0	10.0	0.0	19.0	0.0
Roseimicrobium	0.0	0.0	1.0	1.0	0.0	0.0	0.0	0.0	0.0	0.0	0.0	0.0
Rosenbergiella	0.0	0.0	0.0	3.0	0.0	0.0	0.0	1.0	0.0	0.0	0.0	0.0
Roseobacter clade CHAB-I-5 lineage	0.0	0.0	12.0	0.0	0.0	0.0	0.0	0.0	0.0	0.0	0.0	0.0
Roseobacter clade Marinomonas lineage	0.0	0.0	0.0	1.0	0.0	0.0	0.0	0.0	0.0	0.0	0.0	0.0
Roseobacter clade NAC11-7 lineage	0.0	0.0	0.0	0.0	0.0	1.0	0.0	0.0	0.0	0.0	0.0	0.0
Roseococcus	1.0	0.0	0.0	13.0	0.0	0.0	0.0	0.0	0.0	2.0	0.0	0.0
Roseomonas	1.0	0.0	55.0	265.0	0.0	12.0	20.0	0.0	3.0	85.0	2.0	0.0
Roseospirillum	0.0	0.0	0.0	2.0	0.0	0.0	0.0	0.0	0.0	0.0	0.0	0.0
Roseovarius	0.0	0.0	3.0	3.0	0.0	0.0	0.0	0.0	1.0	0.0	0.0	0.0
Rs-D38 termite group	0.0	0.0	0.0	0.0	0.0	0.0	0.0	0.0	1.0	0.0	1.0	0.0
Rubellimicrobium	0.0	0.0	2.0	36.0	0.0	1.0	5.0	0.0	0.0	26.0	0.0	0.0
Rubrimonas	0.0	0.0	1.0	1.0	0.0	0.0	0.0	0.0	0.0	0.0	0.0	0.0
Rubritalea	0.0	0.0	1.0	4.0	0.0	0.0	1.0	0.0	0.0	3.0	0.0	0.0
Rubritepida	0.0	0.0	0.0	1.0	0.0	0.0	1.0	0.0	0.0	0.0	0.0	0.0
Rubrivivax	14.0	1.0	728.0	49.0	1.0	28.0	25.0	0.0	16.0	135.0	22.0	0.0
Rubrobacter	0.0	0.0	0.0	0.0	0.0	0.0	0.0	0.0	0.0	5.0	0.0	0.0
Rudanella	0.0	0.0	0.0	0.0	0.0	0.0	0.0	0.0	0.0	0.0	1.0	0.0
Ruegeria	0.0	0.0	0.0	2.0	0.0	0.0	0.0	0.0	0.0	0.0	0.0	0.0
Rugamonas	4.0	1.0	29.0	62.0	0.0	56.0	100.0	1.0	91.0	195.0	158.0	0.0
Ruminiclostridium	0.0	0.0	1.0	0.0	0.0	0.0	0.0	0.0	1.0	5.0	3.0	0.0
Ruminiclostridium 1	0.0	0.0	14.0	2.0	0.0	3.0	12.0	0.0	5.0	6.0	3.0	0.0
Ruminiclostridium 5	0.0	0.0	16.0	2.0	0.0	2.0	2.0	0.0	11.0	27.0	11.0	0.0
Ruminiclostridium 6	0.0	0.0	3.0	1.0	0.0	3.0	5.0	0.0	3.0	6.0	8.0	0.0
Ruminiclostridium 9	1.0	0.0	3.0	1.0	0.0	2.0	5.0	0.0	3.0	30.0	0.0	0.0
Ruminococcaceae NK4A214 group	1.0	0.0	24.0	3.0	0.0	3.0	5.0	0.0	2.0	46.0	3.0	0.0
Ruminococcaceae UCG-002	3.0	1.0	46.0	20.0	0.0	5.0	12.0	0.0	15.0	112.0	16.0	0.0
Ruminococcaceae UCG-003	0.0	0.0	7.0	2.0	0.0	2.0	7.0	0.0	3.0	4.0	1.0	0.0
Ruminococcaceae UCG-004	0.0	0.0	0.0	0.0	0.0	1.0	0.0	0.0	0.0	13.0	0.0	0.0
Ruminococcaceae UCG-005	2.0	0.0	25.0	6.0	0.0	7.0	16.0	0.0	18.0	35.0	11.0	0.0
Ruminococcaceae UCG-007	0.0	0.0	0.0	0.0	0.0	0.0	3.0	0.0	2.0	0.0	0.0	0.0
Ruminococcaceae UCG-008	0.0	0.0	0.0	0.0	0.0	1.0	0.0	0.0	0.0	0.0	0.0	0.0
Ruminococcaceae UCG-009	0.0	0.0	2.0	0.0	0.0	0.0	1.0	0.0	0.0	5.0	0.0	0.0
Ruminococcaceae UCG-010	0.0	0.0	12.0	5.0	0.0	7.0	7.0	0.0	1.0	8.0	3.0	0.0
Ruminococcaceae UCG-011	0.0	0.0	1.0	0.0	0.0	0.0	0.0	0.0	0.0	0.0	1.0	0.0
Ruminococcaceae UCG-013	1.0	0.0	15.0	3.0	0.0	0.0	5.0	0.0	8.0	6.0	11.0	0.0
Ruminococcaceae UCG-014	1.0	1.0	23.0	0.0	0.0	7.0	2.0	0.0	3.0	2.0	18.0	0.0
Ruminococcaceae V9D2013 group	0.0	0.0	0.0	0.0	0.0	0.0	0.0	0.0	1.0	0.0	0.0	0.0
Ruminococcus 1	1.0	0.0	25.0	17.0	0.0	8.0	20.0	0.0	23.0	51.0	34.0	0.0
Ruminococcus 2	6.0	2.0	114.0	10.0	0.0	13.0	13.0	0.0	39.0	66.0	30.0	0.0
Ruminofilibacter	0.0	0.0	1.0	0.0	0.0	0.0	0.0	0.0	0.0	0.0	0.0	0.0
Runella	3.0	1.0	304.0	8.0	0.0	10.0	20.0	0.0	4.0	13.0	12.0	0.0
S5-A14a	0.0	0.0	1.0	0.0	0.0	0.0	0.0	0.0	0.0	0.0	0.0	0.0
SAR92 clade	0.0	0.0	0.0	3.0	0.0	0.0	0.0	0.0	0.0	0.0	0.0	0.0
SBZC-1223	0.0	0.0	0.0	2.0	0.0	0.0	1.0	0.0	0.0	0.0	0.0	0.0
SD04E11	0.0	0.0	0.0	1.0	0.0	0.0	0.0	0.0	0.0	1.0	0.0	0.0
SEEP-SRB1	0.0	0.0	1.0	0.0	0.0	0.0	0.0	0.0	0.0	0.0	0.0	0.0
SEEP-SRB2	0.0	0.0	0.0	1.0	0.0	0.0	1.0	0.0	0.0	0.0	0.0	0.0
SH-PL14	0.0	0.0	21.0	50.0	0.0	14.0	25.0	0.0	3.0	72.0	2.0	0.0
SM1A02	0.0	0.0	13.0	22.0	0.0	3.0	8.0	0.0	1.0	17.0	3.0	0.0
SM23-31	0.0	0.0	0.0	0.0	0.0	2.0	0.0	0.0	0.0	0.0	0.0	0.0
SN8	0.0	0.0	0.0	0.0	0.0	0.0	0.0	0.0	0.0	1.0	0.0	0.0
SUP05 cluster	0.0	0.0	0.0	1.0	0.0	0.0	0.0	0.0	0.0	0.0	0.0	0.0
SWB02	0.0	0.0	2.0	1.0	0.0	0.0	0.0	0.0	0.0	0.0	0.0	0.0
Saccharibacillus	0.0	0.0	2.0	0.0	0.0	0.0	0.0	0.0	0.0	3.0	1.0	0.0
Saccharofermentans	3.0	0.0	23.0	0.0	0.0	2.0	4.0	0.0	3.0	0.0	3.0	0.0
Salinibacterium	0.0	0.0	0.0	1.0	0.0	0.0	0.0	0.0	2.0	8.0	0.0	0.0
Salinihabitans	0.0	0.0	0.0	1.0	0.0	1.0	0.0	0.0	0.0	0.0	0.0	0.0
Salinirepens	0.0	0.0	0.0	1.0	0.0	0.0	1.0	0.0	0.0	3.0	0.0	0.0
Salinispira	0.0	0.0	1.0	0.0	0.0	0.0	0.0	0.0	0.0	0.0	2.0	0.0
Salmonella	6.0	11.0	13.0	14.0	38.0	7.0	2.0	98868.0	13.0	7.0	5.0	6.0
Samsonia	0.0	0.0	0.0	0.0	0.0	0.0	0.0	1.0	0.0	0.0	0.0	0.0
Sandaracinobacter	0.0	0.0	0.0	16.0	0.0	4.0	1.0	0.0	1.0	0.0	0.0	0.0
Sandaracinus	0.0	0.0	15.0	11.0	0.0	5.0	3.0	0.0	2.0	8.0	0.0	0.0
Sandarakinorhabdus	0.0	0.0	6.0	199.0	0.0	5.0	13.0	0.0	7.0	37.0	1.0	0.0
Sanguibacter	0.0	0.0	2.0	0.0	0.0	0.0	0.0	0.0	0.0	1.0	0.0	0.0
Sarcina	0.0	0.0	4.0	3.0	0.0	0.0	0.0	0.0	0.0	0.0	0.0	0.0
Schlegelella	0.0	0.0	0.0	0.0	0.0	0.0	0.0	0.0	0.0	1.0	0.0	0.0
Schleiferia	0.0	0.0	0.0	0.0	0.0	0.0	0.0	0.0	0.0	0.0	1.0	0.0
Schlesneria	0.0	0.0	0.0	7.0	0.0	0.0	2.0	0.0	0.0	6.0	0.0	0.0
Scytonema UTEX 2349	0.0	0.0	2.0	0.0	0.0	0.0	0.0	0.0	0.0	0.0	0.0	0.0
Sedimentibacter	1.0	0.0	14.0	1.0	0.0	0.0	0.0	0.0	0.0	0.0	0.0	0.0
Sedimenticola	0.0	0.0	0.0	1.0	0.0	0.0	0.0	0.0	0.0	3.0	0.0	0.0
Sediminibacterium	16.0	4.0	154.0	77.0	0.0	147.0	232.0	1.0	243.0	54.0	246.0	0.0
Sediminispirochaeta	0.0	0.0	0.0	0.0	0.0	0.0	0.0	0.0	0.0	1.0	0.0	0.0
Segetibacter	0.0	0.0	3.0	0.0	0.0	0.0	1.0	0.0	0.0	0.0	0.0	0.0
Selenomonas	1.0	0.0	6.0	2.0	0.0	0.0	3.0	0.0	0.0	10.0	2.0	0.0
Sellimonas	1.0	0.0	6.0	0.0	0.0	1.0	0.0	0.0	0.0	0.0	0.0	0.0
Senegalimassilia	0.0	0.0	2.0	0.0	0.0	0.0	0.0	0.0	0.0	11.0	1.0	0.0
Seohaeicola	0.0	0.0	0.0	1.0	0.0	0.0	0.0	0.0	0.0	0.0	0.0	0.0
Serratia	7.0	3.0	52.0	202.0	0.0	20.0	96.0	15.0	33.0	279.0	147.0	0.0
Sh765B-TzT-35	2.0	0.0	13.0	3.0	0.0	2.0	0.0	0.0	1.0	22.0	1.0	0.0
Shewanella	0.0	1.0	2.0	3.0	0.0	1.0	2.0	0.0	0.0	1.0	4.0	0.0
Shimia	0.0	0.0	0.0	0.0	0.0	0.0	0.0	0.0	0.0	1.0	0.0	0.0
Shimwellia	0.0	0.0	0.0	1.0	0.0	0.0	0.0	16.0	0.0	0.0	0.0	0.0
Shinella	0.0	0.0	21.0	143.0	1.0	5.0	9.0	1.0	10.0	53.0	4.0	0.0
Shuttleworthia	1.0	0.0	8.0	0.0	0.0	0.0	1.0	0.0	1.0	0.0	0.0	0.0
Siccibacter	0.0	0.0	0.0	0.0	0.0	0.0	0.0	3.0	0.0	0.0	0.0	0.0
Sideroxydans	9.0	1.0	30.0	108.0	0.0	84.0	69.0	0.0	40.0	97.0	61.0	0.0
Silanimonas	0.0	0.0	2.0	0.0	0.0	1.0	4.0	0.0	1.0	24.0	3.0	0.0
Silicimonas	0.0	0.0	0.0	1.0	0.0	0.0	0.0	0.0	0.0	0.0	0.0	0.0
Silvanigrella	0.0	0.0	7.0	209.0	0.0	12.0	6.0	0.0	4.0	0.0	8.0	0.0
Simiduia	0.0	0.0	0.0	2.0	0.0	0.0	0.0	0.0	0.0	0.0	0.0	0.0
Simonsiella	0.0	0.0	0.0	1.0	0.0	0.0	0.0	0.0	0.0	0.0	0.0	0.0
Simplicispira	74.0	50.0	1468.0	468.0	9.0	549.0	501.0	5.0	448.0	3962.0	712.0	1.0
Singulisphaera	1.0	0.0	14.0	2.0	0.0	0.0	0.0	1.0	0.0	33.0	0.0	0.0
Siphonobacter	0.0	0.0	1.0	1.0	0.0	0.0	0.0	0.0	0.0	0.0	0.0	0.0
Skermanella	0.0	0.0	5.0	28.0	0.0	0.0	0.0	0.0	0.0	15.0	0.0	0.0
Smaragdicoccus	0.0	0.0	0.0	0.0	0.0	0.0	0.0	0.0	0.0	4.0	0.0	0.0
Smithella	4.0	0.0	18.0	115.0	0.0	32.0	28.0	0.0	4.0	32.0	5.0	0.0
Sneathiella	0.0	0.0	0.0	2.0	0.0	0.0	0.0	0.0	0.0	0.0	0.0	0.0
Snodgrassella	0.0	0.0	0.0	14.0	0.0	0.0	0.0	0.0	0.0	0.0	0.0	0.0
Sodalis	0.0	0.0	0.0	0.0	0.0	0.0	0.0	1.0	0.0	0.0	2.0	0.0
Soehngenia	0.0	0.0	2.0	0.0	0.0	0.0	0.0	0.0	0.0	1.0	0.0	0.0
Solimonas	0.0	0.0	0.0	8.0	0.0	1.0	0.0	0.0	0.0	0.0	0.0	0.0
Solirubrobacter	0.0	0.0	0.0	0.0	0.0	2.0	1.0	0.0	0.0	0.0	1.0	0.0
Solitalea	2.0	0.0	6.0	8.0	0.0	19.0	11.0	0.0	19.0	4.0	15.0	0.0
Soortia	0.0	0.0	0.0	0.0	0.0	0.0	0.0	0.0	0.0	1.0	0.0	0.0
Sorangium	0.0	0.0	9.0	8.0	0.0	0.0	0.0	0.0	0.0	5.0	0.0	0.0
Sphaerisporangium	0.0	0.0	0.0	0.0	0.0	1.0	0.0	0.0	0.0	0.0	0.0	0.0
Sphaerochaeta	1.0	0.0	0.0	0.0	0.0	0.0	0.0	0.0	0.0	0.0	0.0	0.0
Sphaerospermopsis BCCUSP55	0.0	0.0	0.0	0.0	0.0	1.0	0.0	0.0	0.0	0.0	0.0	0.0
Sphaerotilus	39.0	7.0	227.0	250.0	0.0	121.0	123.0	0.0	82.0	709.0	312.0	1.0
Sphingoaurantiacus	0.0	0.0	0.0	21.0	0.0	0.0	3.0	0.0	1.0	2.0	0.0	0.0
Sphingobacterium	0.0	0.0	3.0	2.0	0.0	0.0	2.0	0.0	1.0	0.0	1.0	0.0
Sphingobium	5.0	0.0	81.0	239.0	0.0	7.0	27.0	0.0	12.0	111.0	6.0	0.0
Sphingomicrobium	0.0	0.0	0.0	5.0	0.0	0.0	0.0	0.0	0.0	0.0	0.0	0.0
Sphingomonas	1.0	0.0	55.0	1278.0	0.0	41.0	39.0	0.0	23.0	396.0	20.0	1.0
Sphingopyxis	4.0	1.0	233.0	823.0	0.0	59.0	88.0	0.0	71.0	176.0	38.0	0.0
Sphingorhabdus	44.0	25.0	1662.0	20946.0	7.0	1202.0	2420.0	13.0	1171.0	3651.0	991.0	2.0
Sphingosinicella	0.0	0.0	0.0	16.0	0.0	0.0	0.0	0.0	0.0	0.0	0.0	0.0
Spirochaeta 2	0.0	0.0	12.0	13.0	0.0	18.0	16.0	0.0	2.0	43.0	2.0	0.0
Spirosoma	0.0	0.0	1.0	0.0	0.0	0.0	0.0	0.0	0.0	1.0	0.0	0.0
Sporichthya	0.0	0.0	3.0	0.0	0.0	0.0	4.0	0.0	0.0	2.0	0.0	0.0
Sporobacter	0.0	0.0	4.0	0.0	0.0	3.0	1.0	0.0	0.0	0.0	4.0	0.0
Sporocytophaga	0.0	0.0	2.0	5.0	0.0	8.0	4.0	0.0	8.0	11.0	6.0	0.0
Sporomusa	0.0	0.0	7.0	0.0	0.0	0.0	1.0	0.0	1.0	3.0	0.0	0.0
Sporosarcina	0.0	0.0	12.0	1.0	0.0	1.0	2.0	0.0	3.0	16.0	0.0	0.0
Staphylococcus	5.0	8.0	13.0	6.0	6.0	5.0	5.0	34588.0	7.0	12.0	6.0	2.0
Starkeya	0.0	0.0	0.0	3.0	0.0	0.0	0.0	0.0	0.0	0.0	0.0	0.0
Stella	3.0	0.0	168.0	89.0	0.0	3.0	3.0	1.0	1.0	11.0	0.0	3.0
Stenotrophobacter	0.0	0.0	5.0	3.0	0.0	5.0	0.0	0.0	0.0	16.0	0.0	0.0
Stenotrophomonas	2.0	1.0	22.0	13.0	0.0	4.0	26.0	0.0	15.0	70.0	17.0	0.0
Stenoxybacter	0.0	0.0	0.0	0.0	0.0	0.0	1.0	0.0	0.0	0.0	0.0	0.0
Steroidobacter	0.0	0.0	3.0	12.0	0.0	4.0	1.0	0.0	2.0	4.0	4.0	0.0
Sterolibacterium	4.0	0.0	29.0	52.0	0.0	24.0	53.0	0.0	42.0	172.0	81.0	0.0
Stigmatella	0.0	0.0	0.0	2.0	0.0	0.0	1.0	0.0	0.0	1.0	0.0	0.0
Streptococcus	2.0	0.0	73.0	7.0	0.0	2.0	13.0	0.0	18.0	31.0	13.0	0.0
Streptomyces	0.0	0.0	2.0	0.0	0.0	0.0	1.0	0.0	0.0	9.0	0.0	0.0
Streptosporangium	0.0	0.0	3.0	0.0	0.0	0.0	0.0	0.0	0.0	0.0	0.0	0.0
Subdoligranulum	15.0	5.0	251.0	70.0	0.0	33.0	29.0	0.0	94.0	355.0	80.0	1.0
Subgroup 10	0.0	0.0	19.0	11.0	0.0	2.0	3.0	0.0	1.0	29.0	0.0	0.0
Subgroup 23	1.0	0.0	4.0	5.0	0.0	0.0	5.0	0.0	0.0	29.0	0.0	0.0
Subsaxibacter	0.0	0.0	0.0	5.0	0.0	0.0	0.0	0.0	0.0	0.0	0.0	0.0
Succiniclasticum	0.0	1.0	3.0	0.0	0.0	2.0	0.0	0.0	1.0	4.0	0.0	0.0
Succinispira	0.0	0.0	1.0	0.0	0.0	0.0	0.0	0.0	0.0	0.0	1.0	0.0
Succinivibrio	1.0	0.0	13.0	1.0	0.0	1.0	3.0	0.0	1.0	6.0	3.0	0.0
Sulfitobacter	0.0	0.0	0.0	1.0	0.0	0.0	0.0	0.0	1.0	1.0	0.0	0.0
Sulfuricella	4.0	2.0	13.0	76.0	0.0	41.0	31.0	0.0	17.0	50.0	47.0	0.0
Sulfuricurvum	38.0	15.0	1566.0	1088.0	6.0	1463.0	2258.0	2.0	1284.0	1369.0	839.0	0.0
Sulfuriferula	0.0	0.0	2.0	42.0	1.0	0.0	0.0	0.0	1.0	7.0	0.0	0.0
Sulfurifustis	1.0	0.0	8.0	320.0	0.0	23.0	3.0	0.0	4.0	44.0	7.0	0.0
Sulfurimonas	34.0	17.0	672.0	970.0	6.0	1348.0	1447.0	7.0	1572.0	537.0	1948.0	1.0
Sulfurirhabdus	0.0	0.0	0.0	0.0	0.0	0.0	0.0	0.0	0.0	1.0	0.0	0.0
Sulfurisoma	1.0	0.0	9.0	166.0	0.0	17.0	11.0	0.0	1.0	18.0	4.0	0.0
Sulfuritalea	55.0	21.0	1045.0	774.0	2.0	599.0	564.0	2.0	179.0	1378.0	244.0	0.0
Sulfurospirillum	23.0	10.0	880.0	393.0	1.0	355.0	606.0	1.0	571.0	388.0	430.0	0.0
Sulfurovum	0.0	0.0	12.0	1.0	0.0	8.0	9.0	0.0	6.0	9.0	3.0	0.0
Sutterella	0.0	0.0	2.0	0.0	0.0	0.0	0.0	0.0	2.0	2.0	3.0	0.0
Suttonella	0.0	0.0	0.0	0.0	0.0	0.0	1.0	0.0	0.0	0.0	0.0	0.0
Sva0081 sediment group	2.0	0.0	21.0	26.0	0.0	7.0	14.0	0.0	0.0	51.0	0.0	0.0
Sva0996 marine group	0.0	0.0	0.0	0.0	0.0	0.0	0.0	0.0	0.0	4.0	0.0	0.0
Symphothece PCC-7002	0.0	0.0	1.0	0.0	0.0	0.0	0.0	0.0	0.0	0.0	0.0	0.0
Synechococcus PCC-7902	0.0	0.0	1.0	0.0	0.0	0.0	0.0	0.0	0.0	0.0	0.0	0.0
Syntrophobacter	1.0	0.0	9.0	46.0	1.0	4.0	1.0	0.0	0.0	15.0	3.0	0.0
Syntrophomonas	0.0	0.0	1.0	0.0	0.0	0.0	0.0	0.0	0.0	0.0	0.0	0.0
Syntrophorhabdus	2.0	1.0	15.0	166.0	0.0	15.0	16.0	0.0	1.0	39.0	0.0	0.0
Syntrophus	3.0	2.0	35.0	423.0	0.0	39.0	52.0	0.0	14.0	45.0	7.0	0.0
TPD-58	0.0	1.0	3.0	10.0	0.0	2.0	3.0	0.0	0.0	18.0	0.0	0.0
TX1A-55	0.0	0.0	0.0	0.0	0.0	0.0	0.0	0.0	0.0	0.0	1.0	0.0
Tabrizicola	8.0	5.0	380.0	1388.0	2.0	64.0	240.0	3.0	57.0	470.0	40.0	0.0
Taeseokella	0.0	0.0	5.0	0.0	0.0	5.0	1.0	0.0	5.0	1.0	4.0	0.0
Tahibacter	1.0	0.0	6.0	2.0	0.0	1.0	0.0	0.0	0.0	5.0	0.0	0.0
Taibaiella	0.0	0.0	0.0	0.0	0.0	0.0	1.0	0.0	0.0	0.0	0.0	0.0
Taonella	0.0	0.0	2.0	4.0	0.0	0.0	0.0	0.0	0.0	1.0	1.0	0.0
Tardiphaga	0.0	0.0	2.0	6.0	0.0	0.0	3.0	0.0	2.0	0.0	0.0	0.0
Tatumella	0.0	0.0	1.0	0.0	0.0	0.0	0.0	2.0	0.0	0.0	0.0	0.0
Telmatocola	0.0	0.0	1.0	0.0	0.0	0.0	0.0	0.0	0.0	0.0	0.0	0.0
Telmatospirillum	0.0	0.0	1.0	5.0	0.0	0.0	0.0	0.0	0.0	0.0	0.0	0.0
Tepidiphilus	0.0	0.0	0.0	0.0	0.0	0.0	0.0	0.0	2.0	0.0	0.0	0.0
Tepidisphaera	0.0	0.0	0.0	1.0	0.0	0.0	0.0	0.0	0.0	0.0	0.0	0.0
Terasakiispira	0.0	0.0	0.0	1.0	0.0	0.0	0.0	0.0	0.0	0.0	0.0	0.0
Terriglobus	0.0	0.0	0.0	0.0	0.0	0.0	0.0	0.0	2.0	0.0	0.0	0.0
Terrimicrobium	0.0	0.0	0.0	1.0	0.0	0.0	0.0	0.0	0.0	0.0	0.0	0.0
Terrimonas	23.0	5.0	1346.0	68.0	0.0	123.0	95.0	1.0	14.0	75.0	29.0	0.0
Terrisporobacter	0.0	0.0	7.0	0.0	0.0	5.0	0.0	0.0	0.0	0.0	0.0	0.0
Tessaracoccus	0.0	0.0	28.0	0.0	0.0	0.0	0.0	0.0	0.0	3.0	4.0	0.0
Tetrasphaera	0.0	0.0	381.0	0.0	0.0	1.0	0.0	0.0	0.0	1.0	0.0	0.0
Thalassobaculum	0.0	0.0	0.0	0.0	0.0	2.0	0.0	0.0	0.0	0.0	1.0	0.0
Thalassobius	0.0	0.0	0.0	1.0	0.0	0.0	0.0	0.0	0.0	0.0	0.0	0.0
Thalassococcus	0.0	0.0	1.0	0.0	0.0	0.0	0.0	0.0	0.0	0.0	0.0	0.0
Thauera	22.0	3.0	825.0	57.0	0.0	58.0	30.0	0.0	36.0	372.0	26.0	0.0
Thermoanaerobaculum	0.0	0.0	4.0	6.0	0.0	2.0	1.0	0.0	0.0	10.0	0.0	0.0
Thermobacillus	0.0	0.0	0.0	0.0	0.0	0.0	0.0	0.0	0.0	7.0	0.0	0.0
Thermomonas	13.0	3.0	295.0	62.0	0.0	79.0	71.0	2.0	49.0	658.0	42.0	0.0
Thioalbus	0.0	0.0	0.0	3.0	0.0	0.0	0.0	0.0	0.0	0.0	0.0	0.0
Thioalkalimicrobium	0.0	0.0	0.0	0.0	0.0	0.0	3.0	0.0	0.0	0.0	0.0	0.0
Thioalkalispira	0.0	0.0	0.0	12.0	0.0	0.0	0.0	0.0	0.0	1.0	0.0	0.0
Thiobacillus	6.0	2.0	36.0	1363.0	0.0	84.0	77.0	1.0	13.0	163.0	18.0	0.0
Thiobacter	0.0	0.0	0.0	1.0	0.0	0.0	1.0	0.0	0.0	0.0	0.0	0.0
Thiocapsa	0.0	0.0	0.0	7.0	0.0	0.0	1.0	0.0	0.0	11.0	0.0	0.0
Thioclava	0.0	0.0	0.0	3.0	0.0	0.0	3.0	0.0	0.0	4.0	1.0	0.0
Thiocystis	0.0	0.0	0.0	1.0	0.0	0.0	0.0	0.0	0.0	0.0	0.0	0.0
Thiodictyon	0.0	0.0	0.0	0.0	0.0	0.0	0.0	0.0	0.0	0.0	2.0	0.0
Thiogranum	0.0	0.0	0.0	2.0	0.0	0.0	0.0	0.0	0.0	0.0	0.0	0.0
Thiohalocapsa	0.0	0.0	0.0	2.0	0.0	0.0	0.0	0.0	0.0	0.0	0.0	0.0
Thiohalomonas	0.0	0.0	1.0	0.0	0.0	0.0	0.0	0.0	0.0	0.0	0.0	0.0
Thiohalospira	0.0	0.0	0.0	1.0	0.0	0.0	0.0	0.0	0.0	0.0	0.0	0.0
Thiolapillus	0.0	0.0	0.0	0.0	0.0	0.0	0.0	0.0	0.0	5.0	0.0	0.0
Thiomonas	0.0	0.0	0.0	1.0	0.0	1.0	0.0	0.0	1.0	0.0	2.0	0.0
Thioploca	0.0	0.0	0.0	3.0	0.0	0.0	0.0	0.0	0.0	0.0	0.0	0.0
Thioprofundum	0.0	0.0	0.0	2.0	0.0	0.0	0.0	0.0	0.0	0.0	0.0	0.0
Thiopseudomonas	0.0	0.0	0.0	2.0	0.0	0.0	0.0	0.0	0.0	0.0	0.0	0.0
Thiothrix	5.0	0.0	188.0	233.0	0.0	4.0	15.0	0.0	12.0	79.0	7.0	0.0
Thiovirga	0.0	0.0	0.0	2.0	0.0	0.0	0.0	0.0	0.0	0.0	0.0	0.0
Thorsellia	0.0	0.0	0.0	3.0	0.0	0.0	0.0	0.0	0.0	0.0	0.0	0.0
Tibeticola	0.0	3.0	14.0	33.0	0.0	20.0	19.0	0.0	28.0	13.0	17.0	0.0
Tissierella	0.0	0.0	7.0	0.0	0.0	1.0	5.0	0.0	2.0	0.0	0.0	0.0
Tistlia	0.0	0.0	0.0	0.0	0.0	0.0	0.0	0.0	0.0	1.0	0.0	0.0
Tistrella	0.0	0.0	1.0	0.0	0.0	0.0	0.0	0.0	0.0	0.0	0.0	0.0
Tolumonas	45.0	11.0	563.0	681.0	3.0	24.0	223.0	3.0	62.0	186.0	192.0	0.0
Trabulsiella	0.0	0.0	0.0	0.0	0.0	0.0	0.0	4.0	1.0	0.0	1.0	0.0
Treponema	0.0	0.0	1.0	4.0	0.0	1.0	0.0	0.0	0.0	2.0	1.0	0.0
Treponema 2	0.0	0.0	3.0	0.0	0.0	0.0	1.0	0.0	0.0	0.0	0.0	0.0
Trichococcus	84.0	14.0	1871.0	169.0	2.0	144.0	231.0	6.0	219.0	664.0	170.0	0.0
Tropicimonas	0.0	0.0	1.0	6.0	0.0	1.0	0.0	0.0	0.0	1.0	0.0	0.0
Truepera	0.0	0.0	1.0	0.0	0.0	0.0	2.0	0.0	0.0	1.0	0.0	0.0
Tumebacillus	0.0	0.0	1.0	0.0	0.0	0.0	0.0	0.0	0.0	0.0	0.0	0.0
Turicibacter	0.0	0.0	6.0	0.0	0.0	0.0	1.0	0.0	0.0	3.0	0.0	0.0
Turneriella	0.0	0.0	1.0	0.0	0.0	0.0	0.0	0.0	0.0	0.0	0.0	0.0
Tychonema CCAP 1459-11B	3.0	0.0	30.0	15.0	1.0	32.0	1616.0	0.0	5.0	18.0	5.0	0.0
Tyzzerella	0.0	0.0	3.0	0.0	0.0	0.0	0.0	0.0	0.0	0.0	0.0	0.0
Tyzzerella 3	0.0	0.0	4.0	1.0	0.0	6.0	3.0	0.0	2.0	8.0	4.0	0.0
Tyzzerella 4	0.0	0.0	1.0	0.0	0.0	2.0	0.0	0.0	0.0	2.0	0.0	0.0
U29-B03	1.0	1.0	9.0	0.0	0.0	0.0	1.0	0.0	3.0	0.0	0.0	0.0
UBA1819	0.0	0.0	1.0	0.0	0.0	0.0	0.0	0.0	1.0	1.0	0.0	0.0
UBA6140	0.0	0.0	2.0	2.0	0.0	0.0	0.0	0.0	0.0	0.0	0.0	0.0
UC5-1-2E3	0.0	0.0	1.0	0.0	0.0	0.0	0.0	0.0	0.0	0.0	1.0	0.0
UKL13-1	1.0	0.0	30.0	211.0	1.0	12.0	8.0	0.0	4.0	7.0	3.0	0.0
UTBCD1	0.0	0.0	0.0	0.0	0.0	5.0	1.0	0.0	0.0	0.0	0.0	0.0
Uliginosibacterium	3.0	1.0	21.0	43.0	1.0	55.0	51.0	0.0	44.0	55.0	36.0	0.0
Undibacterium	50.0	40.0	386.0	442.0	1.0	594.0	488.0	4.0	475.0	835.0	854.0	0.0
Urania-1B-19 marine sediment group	0.0	0.0	0.0	2.0	0.0	0.0	0.0	0.0	0.0	0.0	0.0	0.0
Ureibacillus	0.0	0.0	0.0	0.0	0.0	0.0	0.0	0.0	1.0	0.0	0.0	0.0
Uruburuella	0.0	0.0	2.0	2.0	0.0	1.0	0.0	0.0	2.0	5.0	1.0	0.0
Vagococcus	0.0	0.0	1.0	0.0	0.0	0.0	0.0	4.0	0.0	0.0	1.0	0.0
Variibacter	0.0	0.0	0.0	3.0	0.0	2.0	1.0	0.0	0.0	0.0	0.0	0.0
Variovorax	1.0	24.0	93.0	47.0	0.0	34.0	83.0	0.0	59.0	238.0	56.0	0.0
Veillonella	0.0	0.0	15.0	2.0	0.0	1.0	0.0	0.0	1.0	5.0	5.0	0.0
Verminephrobacter	0.0	0.0	0.0	0.0	0.0	1.0	0.0	0.0	0.0	0.0	0.0	0.0
Verruc-01	1.0	1.0	23.0	183.0	0.0	92.0	116.0	0.0	19.0	96.0	9.0	0.0
Verticia	4.0	0.0	27.0	25.0	0.0	3.0	29.0	0.0	13.0	103.0	35.0	0.0
Vibrio	1.0	0.0	0.0	0.0	0.0	0.0	0.0	21.0	0.0	0.0	0.0	0.0
Victivallis	0.0	0.0	1.0	48.0	0.0	1.0	0.0	0.0	2.0	0.0	0.0	0.0
Virgibacillus	0.0	0.0	0.0	0.0	0.0	0.0	0.0	1.0	0.0	0.0	0.0	0.0
Vitreoscilla	0.0	0.0	3.0	60.0	0.0	5.0	1.0	0.0	1.0	12.0	1.0	0.0
Vogesella	2.0	7.0	7.0	394.0	0.0	27.0	44.0	0.0	25.0	174.0	76.0	0.0
Vulgatibacter	0.0	0.0	0.0	12.0	0.0	2.0	0.0	0.0	0.0	0.0	0.0	0.0
W5	0.0	0.0	3.0	0.0	0.0	0.0	0.0	0.0	0.0	0.0	0.0	0.0
WCHB1-32	3.0	0.0	31.0	29.0	0.0	11.0	5.0	0.0	21.0	0.0	25.0	0.0
Williamsia	0.0	0.0	0.0	0.0	0.0	0.0	1.0	0.0	0.0	0.0	0.0	0.0
Wilmottia Ant-Ph58	0.0	0.0	1.0	0.0	0.0	0.0	0.0	0.0	0.0	0.0	0.0	0.0
Woeseia	3.0	0.0	10.0	36.0	0.0	24.0	11.0	0.0	1.0	24.0	4.0	0.0
Wohlfahrtiimonas	0.0	0.0	0.0	5.0	0.0	1.0	1.0	0.0	0.0	0.0	1.0	0.0
Wolinella	0.0	0.0	2.0	0.0	0.0	0.0	0.0	0.0	0.0	0.0	0.0	0.0
XBB1006	0.0	0.0	38.0	3.0	0.0	5.0	7.0	0.0	22.0	21.0	11.0	0.0
Xanthobacter	0.0	0.0	5.0	18.0	0.0	0.0	0.0	0.0	0.0	5.0	0.0	0.0
Xanthomonas	0.0	0.0	0.0	5.0	0.0	2.0	1.0	0.0	5.0	13.0	6.0	0.0
Xenophilus	0.0	0.0	0.0	2.0	0.0	3.0	4.0	0.0	3.0	17.0	2.0	0.0
Xenorhabdus	1.0	0.0	0.0	1.0	0.0	0.0	1.0	0.0	0.0	3.0	0.0	0.0
Xylophilus	2.0	2.0	21.0	8.0	0.0	14.0	15.0	0.0	15.0	86.0	11.0	0.0
Yersinia	2.0	0.0	35.0	203.0	0.0	13.0	67.0	2.0	11.0	118.0	79.0	0.0
Yokenella	0.0	0.0	0.0	0.0	0.0	0.0	1.0	0.0	0.0	0.0	1.0	0.0
Yonghaparkia	0.0	0.0	0.0	0.0	0.0	2.0	1.0	0.0	0.0	0.0	0.0	0.0
Youhaiella	0.0	0.0	0.0	1.0	0.0	0.0	0.0	0.0	0.0	0.0	0.0	0.0
Youngiibacter	0.0	0.0	0.0	0.0	0.0	0.0	0.0	0.0	0.0	0.0	1.0	0.0
Z-35	0.0	0.0	0.0	0.0	0.0	1.0	2.0	0.0	0.0	0.0	1.0	0.0
Z20	0.0	0.0	0.0	6.0	0.0	0.0	0.0	0.0	0.0	0.0	0.0	0.0
ZOR0006	0.0	0.0	0.0	0.0	0.0	0.0	1.0	0.0	0.0	0.0	0.0	0.0
Zavarzinella	1.0	0.0	0.0	0.0	0.0	0.0	1.0	0.0	1.0	23.0	0.0	0.0
Zavarzinia	0.0	0.0	0.0	51.0	0.0	0.0	0.0	0.0	0.0	0.0	0.0	0.0
Zhizhongheella	0.0	0.0	1.0	0.0	0.0	0.0	0.0	0.0	0.0	0.0	0.0	0.0
Zhongshania	0.0	0.0	0.0	1.0	0.0	0.0	0.0	0.0	0.0	0.0	0.0	0.0
Zoogloea	255.0	34.0	9009.0	180.0	5.0	61.0	50.0	3.0	82.0	265.0	86.0	1.0
Zooshikella	0.0	0.0	0.0	1.0	0.0	0.0	0.0	0.0	0.0	0.0	0.0	0.0
Zymophilus	2.0	0.0	5.0	5.0	0.0	6.0	1.0	0.0	7.0	2.0	2.0	0.0
[Agitococcus] lubricus group	14.0	2.0	62.0	571.0	0.0	3.0	4.0	2.0	1.0	4.0	3.0	0.0
[Aquaspirillum] arcticum group	5.0	0.0	15.0	18.0	0.0	16.0	19.0	0.0	9.0	64.0	21.0	0.0
[Bacteroides] pectinophilus group	0.0	0.0	2.0	0.0	0.0	0.0	0.0	0.0	0.0	5.0	0.0	0.0
[Cytophaga] xylanolytica group	0.0	0.0	1.0	3.0	0.0	10.0	5.0	0.0	4.0	0.0	10.0	0.0
[Desulfobacterium] catecholicum group	0.0	0.0	3.0	5.0	0.0	4.0	4.0	0.0	2.0	13.0	0.0	0.0
[Eubacterium] brachy group	1.0	0.0	4.0	12.0	0.0	6.0	11.0	0.0	4.0	2.0	5.0	0.0
[Eubacterium] coprostanoligenes group	1.0	1.0	28.0	10.0	0.0	7.0	6.0	0.0	6.0	63.0	19.0	0.0
[Eubacterium] eligens group	3.0	0.0	32.0	10.0	0.0	8.0	7.0	0.0	13.0	4.0	12.0	0.0
[Eubacterium] fissicatena group	0.0	0.0	1.0	0.0	0.0	0.0	0.0	0.0	0.0	0.0	0.0	0.0
[Eubacterium] hallii group	5.0	0.0	28.0	10.0	0.0	3.0	1.0	0.0	11.0	22.0	11.0	0.0
[Eubacterium] nodatum group	0.0	0.0	1.0	0.0	0.0	0.0	0.0	0.0	0.0	0.0	0.0	0.0
[Eubacterium] ruminantium group	0.0	0.0	6.0	1.0	0.0	1.0	0.0	0.0	5.0	11.0	2.0	0.0
[Eubacterium] ventriosum group	2.0	0.0	9.0	1.0	0.0	6.0	1.0	0.0	4.0	4.0	5.0	0.0
[Eubacterium] xylanophilum group	0.0	0.0	6.0	2.0	0.0	1.0	0.0	0.0	1.0	2.0	1.0	0.0
[Polyangium] brachysporum group	0.0	0.0	0.0	0.0	0.0	1.0	0.0	0.0	0.0	4.0	0.0	0.0
[Ruminococcus] gauvreauii group	1.0	1.0	34.0	6.0	0.0	7.0	9.0	0.0	18.0	33.0	13.0	0.0
[Ruminococcus] gnavus group	0.0	0.0	5.0	0.0	0.0	0.0	5.0	0.0	4.0	14.0	3.0	0.0
[Ruminococcus] torques group	3.0	1.0	63.0	14.0	0.0	33.0	10.0	0.0	29.0	70.0	22.0	0.0
alphaI cluster	3.0	1.0	112.0	1096.0	0.0	47.0	101.0	0.0	30.0	315.0	25.0	0.0
cr616	0.0	0.0	0.0	0.0	0.0	0.0	0.0	0.0	0.0	1.0	0.0	0.0
dgA-11 gut group	0.0	0.0	1.0	0.0	0.0	1.0	1.0	0.0	1.0	0.0	4.0	0.0
endosymbionts	0.0	0.0	0.0	1.0	0.0	0.0	1.0	0.0	0.0	0.0	0.0	0.0
endosymbionts2	0.0	0.0	0.0	0.0	0.0	0.0	0.0	1.0	0.0	0.0	0.0	0.0
hgcI clade	19.0	5.0	286.0	179.0	2.0	310.0	428.0	3.0	368.0	521.0	271.0	0.0
mle1-7	0.0	0.0	1.0	2.0	0.0	2.0	1.0	0.0	0.0	13.0	0.0	0.0
oc32	2.0	0.0	46.0	11.0	0.0	10.0	4.0	0.0	0.0	8.0	4.0	0.0
possible genus 03	0.0	0.0	0.0	0.0	0.0	2.0	0.0	0.0	0.0	0.0	0.0	0.0
possible genus 04	4.0	1.0	13.0	77.0	0.0	39.0	33.0	0.0	32.0	65.0	32.0	0.0
possible genus 06	0.0	0.0	0.0	0.0	0.0	0.0	1.0	0.0	0.0	0.0	0.0	0.0
s3t2d-1089	0.0	0.0	1.0	1.0	0.0	0.0	0.0	0.0	0.0	0.0	0.0	0.0
uncultured	547.0	290.0	15231.0	24072.0	29.0	4800.0	6117.0	41.0	3185.0	13329.0	3915.0	10.0
wb1-P19	0.0	0.0	0.0	16.0	0.0	1.0	0.0	0.0	0.0	0.0	0.0	0.0
