	9.1	9.2	8	7	6	5	4	P	3	2	1	N
966-1	0.0	0.0	1.0	0.0	4.0	0.0	0.0	0.0	0.0	0.0	6.0	0.0
A7P-90m	0.0	0.0	0.0	0.0	0.0	0.0	0.0	0.0	0.0	0.0	2.0	0.0
AAP99	7.0	0.0	10.0	0.0	1.0	0.0	1.0	0.0	0.0	0.0	5.0	0.0
AKYG587	0.0	0.0	0.0	0.0	5.0	0.0	0.0	0.0	0.0	0.0	0.0	0.0
Acetitomaculum	1.0	0.0	0.0	0.0	0.0	0.0	0.0	0.0	0.0	0.0	0.0	0.0
Acetobacterium	0.0	0.0	0.0	0.0	1.0	0.0	0.0	0.0	0.0	0.0	2.0	0.0
Acetonema	0.0	0.0	0.0	0.0	0.0	0.0	0.0	0.0	0.0	0.0	1.0	0.0
Achromobacter	2.0	0.0	1.0	0.0	0.0	0.0	0.0	0.0	0.0	0.0	0.0	0.0
Acidaminobacter	0.0	0.0	1.0	0.0	3.0	0.0	0.0	0.0	0.0	0.0	4.0	0.0
Acidibacter	2.0	0.0	4.0	0.0	1.0	0.0	0.0	0.0	0.0	0.0	8.0	0.0
Acidovorax	43.0	14.0	25.0	0.0	160.0	0.0	0.0	2.0	0.0	0.0	282.0	0.0
Acinetobacter	1.0	0.0	2.0	0.0	5.0	0.0	0.0	0.0	0.0	0.0	45.0	0.0
Actibacter	4.0	0.0	0.0	0.0	1.0	0.0	0.0	0.0	0.0	0.0	0.0	0.0
Actinoplanes	1.0	0.0	0.0	0.0	0.0	0.0	0.0	0.0	0.0	0.0	5.0	0.0
Aerococcus	0.0	0.0	1.0	0.0	0.0	0.0	0.0	0.0	0.0	0.0	0.0	0.0
Aeromicrobium	1.0	0.0	1.0	0.0	0.0	0.0	0.0	0.0	0.0	0.0	0.0	0.0
Aeromonas	14.0	1.0	4.0	0.0	57.0	0.0	0.0	2.0	0.0	0.0	279.0	0.0
Afipia	3.0	0.0	6.0	0.0	0.0	0.0	0.0	0.0	0.0	0.0	0.0	0.0
Agathobacter	0.0	0.0	0.0	0.0	1.0	0.0	0.0	0.0	0.0	0.0	4.0	0.0
Algoriphagus	3.0	0.0	3.0	0.0	5.0	0.0	0.0	0.0	0.0	0.0	0.0	0.0
Alicycliphilus	0.0	0.0	0.0	0.0	0.0	0.0	0.0	0.0	0.0	0.0	1.0	0.0
Alistipes	1.0	0.0	0.0	0.0	0.0	0.0	0.0	0.0	0.0	0.0	0.0	0.0
Alkalibacter	0.0	0.0	0.0	0.0	0.0	0.0	0.0	0.0	0.0	0.0	4.0	0.0
Alkanibacter	0.0	0.0	0.0	0.0	0.0	0.0	0.0	0.0	0.0	0.0	1.0	0.0
Alkanindiges	1.0	0.0	1.0	0.0	0.0	0.0	0.0	0.0	0.0	0.0	8.0	0.0
Allorhizobium-Neorhizobium-Pararhizobium-Rhizobium	28.0	4.0	9.0	0.0	86.0	0.0	0.0	1.0	0.0	0.0	98.0	0.0
Alsobacter	0.0	0.0	0.0	0.0	1.0	0.0	0.0	0.0	0.0	0.0	0.0	0.0
Altererythrobacter	20.0	1.0	9.0	0.0	163.0	0.0	0.0	3.0	0.0	0.0	90.0	0.0
Amaricoccus	33.0	0.0	19.0	0.0	13.0	0.0	0.0	0.0	0.0	0.0	7.0	0.0
Aminobacter	2.0	0.0	3.0	0.0	4.0	0.0	0.0	0.0	0.0	0.0	8.0	0.0
Amylibacter	0.0	0.0	0.0	0.0	0.0	0.0	0.0	0.0	0.0	0.0	1.0	0.0
Anaerocolumna	1.0	0.0	0.0	0.0	1.0	0.0	0.0	0.0	0.0	0.0	0.0	0.0
Anaerosinus	0.0	0.0	0.0	0.0	0.0	0.0	0.0	0.0	0.0	0.0	1.0	0.0
Anaerosporomusa	1.0	0.0	0.0	0.0	0.0	0.0	0.0	0.0	0.0	0.0	1.0	0.0
Anaerostipes	0.0	0.0	0.0	0.0	1.0	0.0	0.0	0.0	0.0	0.0	0.0	0.0
Anaerovorax	1.0	0.0	1.0	0.0	1.0	0.0	0.0	0.0	0.0	0.0	2.0	0.0
Ancalomicrobium	0.0	0.0	0.0	0.0	0.0	0.0	0.0	0.0	0.0	0.0	2.0	0.0
Ancylobacter	0.0	0.0	1.0	0.0	0.0	0.0	0.0	0.0	0.0	0.0	3.0	0.0
Aphanizomenon NIES81	1.0	0.0	0.0	0.0	0.0	0.0	0.0	0.0	0.0	0.0	50.0	0.0
Aquabacterium	36.0	3.0	29.0	0.0	74.0	0.0	0.0	5.0	0.0	0.0	1707.0	1.0
Aquaspirillum	0.0	0.0	0.0	0.0	3.0	0.0	0.0	0.0	0.0	0.0	12.0	0.0
Aquicella	6.0	0.0	14.0	0.0	1.0	0.0	0.0	0.0	0.0	0.0	2.0	0.0
Aquimonas	0.0	0.0	0.0	0.0	2.0	0.0	0.0	0.0	0.0	0.0	0.0	0.0
Arcicella	17.0	1.0	3.0	0.0	34.0	0.0	0.0	0.0	0.0	0.0	19.0	0.0
Arcobacter	133.0	7.0	158.0	0.0	45.0	0.0	0.0	1.0	0.0	0.0	313.0	0.0
Arenimonas	45.0	1.0	27.0	0.0	349.0	0.0	0.0	5.0	0.0	0.0	164.0	0.0
Armatimonas	462.0	9.0	185.0	0.0	339.0	0.0	0.0	4.0	0.0	0.0	11.0	0.0
Arsenicitalea	0.0	0.0	0.0	0.0	0.0	0.0	0.0	0.0	0.0	0.0	1.0	0.0
Arsenophonus	1.0	0.0	0.0	0.0	0.0	0.0	0.0	0.0	0.0	0.0	2.0	0.0
Asticcacaulis	0.0	0.0	0.0	0.0	1.0	0.0	0.0	0.0	0.0	0.0	0.0	0.0
Atopococcus	1.0	0.0	0.0	0.0	0.0	0.0	0.0	0.0	0.0	0.0	0.0	0.0
Aurantimicrobium	33.0	3.0	9.0	0.0	81.0	0.0	0.0	5.0	0.0	0.0	509.0	0.0
Aureimonas	0.0	0.0	0.0	0.0	0.0	0.0	0.0	0.0	0.0	0.0	1.0	0.0
Azoarcus	0.0	0.0	0.0	0.0	1.0	0.0	0.0	0.0	0.0	0.0	0.0	0.0
Azorhizobium	0.0	0.0	0.0	0.0	0.0	0.0	0.0	0.0	0.0	0.0	2.0	0.0
Azospira	0.0	0.0	0.0	0.0	0.0	0.0	0.0	0.0	0.0	0.0	2.0	0.0
Azospirillum	2.0	1.0	1.0	0.0	1.0	0.0	0.0	0.0	0.0	0.0	9.0	0.0
BD1-7 clade	2.0	0.0	1.0	0.0	11.0	0.0	0.0	0.0	0.0	0.0	22.0	0.0
BIyi10	1.0	0.0	1.0	0.0	2.0	0.0	0.0	0.0	0.0	0.0	11.0	0.0
BSV13	1.0	0.0	0.0	0.0	0.0	0.0	0.0	0.0	0.0	0.0	2.0	0.0
Bacillus	31.0	5.0	31.0	1.0	67.0	0.0	0.0	21637.0	0.0	0.0	29.0	0.0
Bact-08	0.0	0.0	0.0	0.0	1.0	0.0	0.0	0.0	0.0	0.0	0.0	0.0
Bacteriovorax	1.0	0.0	0.0	0.0	0.0	0.0	0.0	0.0	0.0	0.0	3.0	0.0
Bacteroides	0.0	0.0	0.0	0.0	0.0	0.0	0.0	0.0	0.0	0.0	4.0	0.0
Bauldia	4.0	0.0	1.0	0.0	8.0	0.0	0.0	0.0	0.0	0.0	7.0	0.0
Blastomonas	1.0	0.0	1.0	0.0	1.0	0.0	0.0	0.0	0.0	0.0	1.0	0.0
Blastopirellula	0.0	0.0	0.0	0.0	1.0	0.0	0.0	0.0	0.0	0.0	0.0	0.0
Blautia	1.0	0.0	2.0	0.0	6.0	0.0	0.0	0.0	0.0	0.0	6.0	0.0
Bosea	1.0	0.0	0.0	0.0	3.0	0.0	0.0	0.0	0.0	0.0	9.0	0.0
Brachybacterium	0.0	0.0	0.0	0.0	0.0	0.0	0.0	0.0	0.0	0.0	1.0	0.0
Brachymonas	0.0	0.0	0.0	0.0	0.0	0.0	0.0	0.0	0.0	0.0	4.0	0.0
Bradyrhizobium	15.0	1.0	4.0	0.0	2.0	0.0	0.0	0.0	0.0	0.0	6.0	0.0
Brevifollis	1.0	0.0	0.0	0.0	0.0	0.0	0.0	0.0	0.0	0.0	0.0	0.0
Brevundimonas	17.0	0.0	8.0	0.0	26.0	0.0	0.0	0.0	0.0	0.0	10.0	0.0
Bryobacter	4.0	0.0	0.0	0.0	3.0	0.0	0.0	0.0	0.0	0.0	3.0	0.0
Budvicia	0.0	0.0	0.0	0.0	0.0	0.0	0.0	0.0	0.0	0.0	4.0	0.0
Buttiauxella	0.0	0.0	0.0	0.0	0.0	0.0	0.0	1.0	0.0	0.0	17.0	0.0
Butyricicoccus	0.0	0.0	0.0	0.0	0.0	0.0	0.0	0.0	0.0	0.0	1.0	0.0
Byssovorax	0.0	0.0	1.0	0.0	0.0	0.0	0.0	0.0	0.0	0.0	0.0	0.0
C1-B045	0.0	0.0	0.0	0.0	0.0	0.0	0.0	0.0	0.0	0.0	1.0	0.0
C39	0.0	2.0	1.0	0.0	0.0	0.0	0.0	0.0	0.0	0.0	20.0	0.0
CAG-56	0.0	0.0	0.0	0.0	1.0	0.0	0.0	0.0	0.0	0.0	0.0	0.0
CL500-29 marine group	16.0	0.0	4.0	0.0	3.0	0.0	0.0	0.0	0.0	0.0	32.0	0.0
CL500-3	0.0	0.0	0.0	0.0	1.0	0.0	0.0	0.0	0.0	0.0	0.0	0.0
CM1G08	0.0	0.0	0.0	0.0	2.0	0.0	0.0	0.0	0.0	0.0	3.0	0.0
Caenimonas	14.0	0.0	8.0	0.0	12.0	0.0	0.0	0.0	0.0	0.0	8.0	0.0
Caldisericum	0.0	0.0	0.0	0.0	1.0	0.0	0.0	0.0	0.0	0.0	0.0	0.0
Calothrix KVSF5	2.0	0.0	2.0	0.0	3.0	0.0	0.0	0.0	0.0	0.0	15.0	0.0
Calothrix PCC-6303	1.0	0.0	0.0	0.0	0.0	0.0	0.0	0.0	0.0	0.0	0.0	0.0
Candidatus Accumulibacter	7.0	0.0	17.0	0.0	17.0	0.0	0.0	0.0	0.0	0.0	19.0	0.0
Candidatus Alysiosphaera	6.0	0.0	4.0	0.0	6.0	0.0	0.0	0.0	0.0	0.0	5.0	0.0
Candidatus Amoebophilus	0.0	0.0	2.0	0.0	0.0	0.0	0.0	0.0	0.0	0.0	0.0	0.0
Candidatus Anammoximicrobium	0.0	0.0	0.0	0.0	0.0	0.0	0.0	0.0	0.0	0.0	1.0	0.0
Candidatus Aquiluna	7.0	0.0	1.0	0.0	10.0	0.0	0.0	0.0	0.0	0.0	22.0	0.0
Candidatus Aquirestis	16.0	0.0	15.0	0.0	13.0	0.0	0.0	1.0	0.0	0.0	1.0	0.0
Candidatus Bealeia	2.0	0.0	0.0	0.0	2.0	0.0	0.0	0.0	0.0	0.0	1.0	0.0
Candidatus Berkiella	3.0	0.0	2.0	0.0	0.0	0.0	0.0	0.0	0.0	0.0	2.0	0.0
Candidatus Captivus	1.0	0.0	3.0	0.0	0.0	0.0	0.0	0.0	0.0	0.0	0.0	0.0
Candidatus Competibacter	0.0	0.0	0.0	0.0	0.0	0.0	0.0	0.0	0.0	0.0	1.0	0.0
Candidatus Endoecteinascidia	2.0	0.0	1.0	0.0	0.0	0.0	0.0	0.0	0.0	0.0	1.0	0.0
Candidatus Endomicrobium	0.0	0.0	0.0	0.0	0.0	0.0	0.0	0.0	0.0	0.0	1.0	0.0
Candidatus Endonucleariobacter	0.0	0.0	0.0	0.0	1.0	0.0	0.0	0.0	0.0	0.0	0.0	0.0
Candidatus Finniella	1.0	0.0	0.0	0.0	0.0	0.0	0.0	0.0	0.0	0.0	0.0	0.0
Candidatus Gortzia	0.0	0.0	0.0	0.0	1.0	0.0	0.0	0.0	0.0	0.0	0.0	0.0
Candidatus Limnoluna	2.0	0.0	0.0	0.0	0.0	0.0	0.0	1.0	0.0	0.0	8.0	0.0
Candidatus Lumbricincola	1.0	0.0	0.0	0.0	0.0	0.0	0.0	0.0	0.0	0.0	0.0	0.0
Candidatus Megaira	4.0	0.0	4.0	0.0	2.0	0.0	0.0	0.0	0.0	0.0	0.0	0.0
Candidatus Methylomirabilis	2.0	0.0	0.0	0.0	0.0	0.0	0.0	0.0	0.0	0.0	2.0	0.0
Candidatus Methylopumilus	7.0	1.0	6.0	0.0	71.0	0.0	0.0	1.0	0.0	0.0	61.0	0.0
Candidatus Microthrix	3.0	0.0	4.0	0.0	1.0	0.0	0.0	0.0	0.0	0.0	2.0	0.0
Candidatus Nitrotoga	0.0	0.0	0.0	0.0	1.0	0.0	0.0	0.0	0.0	0.0	0.0	0.0
Candidatus Omnitrophus	4.0	0.0	1.0	0.0	22.0	0.0	0.0	0.0	0.0	0.0	10.0	0.0
Candidatus Ovatusbacter	1.0	0.0	0.0	0.0	4.0	0.0	0.0	0.0	0.0	0.0	1.0	0.0
Candidatus Paracaedibacter	5.0	0.0	3.0	0.0	2.0	0.0	0.0	0.0	0.0	0.0	5.0	0.0
Candidatus Phytoplasma	0.0	0.0	0.0	0.0	0.0	0.0	0.0	0.0	0.0	0.0	1.0	0.0
Candidatus Planktoluna	18.0	2.0	8.0	0.0	43.0	0.0	0.0	3.0	0.0	0.0	287.0	0.0
Candidatus Planktophila	3.0	0.0	1.0	0.0	2.0	0.0	0.0	0.0	0.0	0.0	13.0	0.0
Candidatus Soleaferrea	1.0	0.0	0.0	0.0	1.0	0.0	0.0	0.0	0.0	0.0	0.0	0.0
Candidatus Solibacter	0.0	0.0	0.0	0.0	1.0	0.0	0.0	0.0	0.0	0.0	0.0	0.0
Candidatus Symbiobacter	13.0	0.0	5.0	0.0	74.0	0.0	0.0	1.0	0.0	0.0	43.0	0.0
Candidatus Xenohaliotis	0.0	0.0	0.0	0.0	2.0	0.0	0.0	0.0	0.0	0.0	1.0	0.0
Caulobacter	24.0	0.0	7.0	0.0	32.0	0.0	0.0	0.0	0.0	0.0	16.0	0.0
Cellulosilyticum	1.0	0.0	0.0	0.0	0.0	0.0	0.0	0.0	0.0	0.0	0.0	0.0
Cellvibrio	0.0	0.0	0.0	0.0	0.0	0.0	0.0	0.0	0.0	0.0	9.0	0.0
Cephaloticoccus	1.0	0.0	0.0	0.0	4.0	0.0	0.0	0.0	0.0	0.0	2.0	0.0
Cerasicoccus	1.0	0.0	0.0	0.0	7.0	0.0	0.0	0.0	0.0	0.0	2.0	0.0
Cereibacter	3.0	1.0	2.0	0.0	37.0	0.0	0.0	1.0	0.0	0.0	32.0	0.0
Cetobacterium	1.0	0.0	0.0	0.0	3.0	0.0	0.0	0.0	0.0	0.0	0.0	0.0
Chamaesiphon PCC-7430	3.0	0.0	0.0	0.0	1.0	0.0	0.0	0.0	0.0	0.0	1.0	0.0
Chiayiivirga	0.0	0.0	0.0	0.0	0.0	0.0	0.0	0.0	0.0	0.0	1.0	0.0
Chitinibacter	0.0	0.0	0.0	0.0	2.0	0.0	0.0	0.0	0.0	0.0	8.0	0.0
Chitinilyticum	0.0	0.0	0.0	0.0	0.0	0.0	0.0	0.0	0.0	0.0	1.0	0.0
Chitinimonas	12.0	1.0	6.0	0.0	0.0	0.0	0.0	0.0	0.0	0.0	0.0	0.0
Chitinivorax	4.0	0.0	2.0	0.0	1.0	0.0	0.0	0.0	0.0	0.0	0.0	0.0
Christensenellaceae R-7 group	3.0	0.0	4.0	0.0	13.0	0.0	0.0	0.0	0.0	0.0	19.0	0.0
Chryseobacterium	25.0	1.0	27.0	0.0	0.0	0.0	0.0	0.0	0.0	0.0	0.0	0.0
Chryseolinea	2.0	0.0	0.0	0.0	2.0	0.0	0.0	1.0	0.0	0.0	0.0	0.0
Chthonobacter	1.0	0.0	1.0	0.0	3.0	0.0	0.0	0.0	0.0	0.0	6.0	0.0
Citrobacter	3.0	0.0	1.0	0.0	2.0	0.0	0.0	267.0	0.0	0.0	18.0	0.0
Clavibacter	0.0	0.0	0.0	0.0	0.0	0.0	0.0	0.0	0.0	0.0	1.0	0.0
Cloacibacterium	0.0	0.0	1.0	0.0	0.0	0.0	0.0	0.0	0.0	0.0	0.0	0.0
Clostridium sensu stricto 1	65.0	2.0	29.0	0.0	71.0	0.0	0.0	0.0	0.0	0.0	32.0	0.0
Clostridium sensu stricto 11	0.0	0.0	0.0	0.0	4.0	0.0	0.0	0.0	0.0	0.0	0.0	0.0
Clostridium sensu stricto 12	0.0	0.0	0.0	0.0	1.0	0.0	0.0	0.0	0.0	0.0	0.0	0.0
Clostridium sensu stricto 13	3.0	0.0	2.0	0.0	11.0	0.0	0.0	0.0	0.0	0.0	0.0	0.0
Clostridium sensu stricto 19	0.0	0.0	0.0	0.0	4.0	0.0	0.0	0.0	0.0	0.0	0.0	0.0
Clostridium sensu stricto 2	1.0	0.0	0.0	0.0	0.0	0.0	0.0	0.0	0.0	0.0	4.0	0.0
Clostridium sensu stricto 3	0.0	0.0	0.0	0.0	0.0	0.0	0.0	0.0	0.0	0.0	1.0	0.0
Clostridium sensu stricto 5	2.0	0.0	0.0	0.0	6.0	0.0	0.0	0.0	0.0	0.0	0.0	0.0
Clostridium sensu stricto 8	0.0	0.0	0.0	0.0	1.0	0.0	0.0	0.0	0.0	0.0	0.0	0.0
Clostridium sensu stricto 9	0.0	0.0	1.0	0.0	2.0	0.0	0.0	0.0	0.0	0.0	0.0	0.0
Cohnella	1.0	0.0	0.0	0.0	0.0	0.0	0.0	0.0	0.0	0.0	1.0	0.0
Comamonas	10.0	3.0	2.0	0.0	29.0	0.0	0.0	0.0	0.0	0.0	91.0	0.0
Conexibacter	2.0	0.0	0.0	0.0	0.0	0.0	0.0	0.0	0.0	0.0	1.0	0.0
Coprococcus 1	0.0	0.0	0.0	0.0	0.0	0.0	0.0	0.0	0.0	0.0	4.0	0.0
Coprococcus 2	0.0	0.0	0.0	0.0	1.0	0.0	0.0	0.0	0.0	0.0	0.0	0.0
Coprococcus 3	0.0	0.0	0.0	0.0	2.0	0.0	0.0	0.0	0.0	0.0	0.0	0.0
Coraliomargarita	1.0	0.0	0.0	0.0	0.0	0.0	0.0	0.0	0.0	0.0	0.0	0.0
Coxiella	6.0	0.0	3.0	0.0	10.0	0.0	0.0	1.0	0.0	0.0	5.0	0.0
Cronobacter	0.0	0.0	0.0	0.0	0.0	0.0	0.0	9.0	0.0	0.0	0.0	0.0
Cryocola	0.0	0.0	0.0	0.0	0.0	0.0	0.0	0.0	0.0	0.0	1.0	0.0
Curvibacter	25.0	3.0	3.0	0.0	73.0	0.0	0.0	2.0	0.0	0.0	47.0	0.0
Cyanobium PCC-6307	2.0	0.0	2.0	0.0	1.0	0.0	0.0	0.0	0.0	0.0	4.0	0.0
Cytophaga	3.0	0.0	0.0	0.0	3.0	0.0	0.0	0.0	0.0	0.0	1.0	0.0
DSSD61	1.0	0.0	0.0	0.0	2.0	0.0	0.0	0.0	0.0	0.0	0.0	0.0
Dechlorobacter	0.0	0.0	0.0	0.0	1.0	0.0	0.0	0.0	0.0	0.0	6.0	0.0
Dechloromonas	32.0	2.0	37.0	0.0	15.0	0.0	0.0	2.0	0.0	0.0	71.0	0.0
Deefgea	0.0	0.0	0.0	0.0	4.0	0.0	0.0	0.0	0.0	0.0	16.0	0.0
Defluviicoccus	0.0	0.0	1.0	0.0	6.0	0.0	0.0	0.0	0.0	0.0	0.0	0.0
Defluviimonas	17.0	0.0	9.0	0.0	13.0	0.0	0.0	0.0	0.0	0.0	7.0	0.0
Deinococcus	0.0	0.0	0.0	0.0	0.0	0.0	0.0	0.0	0.0	0.0	1.0	0.0
Delftia	0.0	0.0	0.0	0.0	1.0	0.0	0.0	0.0	0.0	0.0	1.0	0.0
Denitratisoma	12.0	0.0	7.0	0.0	22.0	0.0	0.0	0.0	0.0	0.0	25.0	0.0
Desulfatiglans	1.0	0.0	0.0	0.0	0.0	0.0	0.0	0.0	0.0	0.0	0.0	0.0
Desulfatirhabdium	0.0	0.0	0.0	0.0	2.0	0.0	0.0	0.0	0.0	0.0	0.0	0.0
Desulfobacca	0.0	0.0	0.0	0.0	9.0	0.0	0.0	0.0	0.0	0.0	2.0	0.0
Desulfobacter	0.0	0.0	1.0	0.0	0.0	0.0	0.0	0.0	0.0	0.0	0.0	0.0
Desulfobacterium	0.0	0.0	0.0	0.0	1.0	0.0	0.0	0.0	0.0	0.0	0.0	0.0
Desulfobulbus	1.0	0.0	0.0	0.0	0.0	0.0	0.0	0.0	0.0	0.0	0.0	0.0
Desulfomonile	0.0	0.0	1.0	0.0	1.0	0.0	0.0	0.0	0.0	0.0	0.0	0.0
Desulfosporosinus	0.0	0.0	0.0	0.0	2.0	0.0	0.0	0.0	0.0	0.0	0.0	0.0
Desulfovibrio	0.0	0.0	0.0	0.0	0.0	0.0	0.0	0.0	0.0	0.0	1.0	0.0
Desulfuromonas	0.0	0.0	0.0	0.0	3.0	0.0	0.0	0.0	0.0	0.0	0.0	0.0
Devosia	26.0	1.0	11.0	0.0	43.0	0.0	0.0	1.0	0.0	0.0	66.0	0.0
Diaminobutyricimonas	0.0	0.0	1.0	0.0	0.0	0.0	0.0	0.0	0.0	0.0	0.0	0.0
Diaphorobacter	0.0	0.0	0.0	0.0	1.0	0.0	0.0	0.0	0.0	0.0	3.0	0.0
Dickeya	0.0	0.0	0.0	0.0	0.0	0.0	0.0	0.0	0.0	0.0	1.0	0.0
Dinghuibacter	207.0	11.0	114.0	0.0	139.0	0.0	0.0	3.0	0.0	0.0	25.0	0.0
Diplosphaera	0.0	0.0	0.0	0.0	1.0	0.0	0.0	0.0	0.0	0.0	1.0	0.0
Dokdonella	29.0	0.0	69.0	0.0	3.0	0.0	0.0	0.0	0.0	0.0	3.0	0.0
Dongia	10.0	0.0	4.0	0.0	3.0	0.0	0.0	0.0	0.0	0.0	9.0	0.0
Dorea	2.0	0.0	0.0	0.0	0.0	0.0	0.0	0.0	0.0	0.0	1.0	0.0
Duganella	2.0	1.0	0.0	0.0	10.0	0.0	0.0	1.0	0.0	0.0	55.0	0.0
Edwardsiella	0.0	0.0	0.0	0.0	0.0	0.0	0.0	2.0	0.0	0.0	0.0	0.0
Eggerthella	0.0	0.0	0.0	0.0	0.0	0.0	0.0	0.0	0.0	0.0	1.0	0.0
Ekhidna	0.0	0.0	1.0	0.0	0.0	0.0	0.0	0.0	0.0	0.0	0.0	0.0
Elev-16S-1166	1.0	0.0	1.0	0.0	0.0	0.0	0.0	0.0	0.0	0.0	0.0	0.0
Ellin6067	17.0	0.0	15.0	0.0	40.0	0.0	0.0	0.0	0.0	0.0	46.0	0.0
Emticicia	10.0	1.0	1.0	0.0	1.0	0.0	0.0	0.0	0.0	0.0	1.0	0.0
Ensifer	0.0	0.0	0.0	0.0	0.0	0.0	0.0	0.0	0.0	0.0	2.0	0.0
Enterobacter	2.0	0.0	0.0	0.0	2.0	0.0	0.0	138.0	0.0	0.0	27.0	0.0
Enterococcus	20.0	3.0	9.0	0.0	20.0	0.0	0.0	8747.0	0.0	0.0	13.0	0.0
Erwinia	0.0	0.0	0.0	0.0	4.0	0.0	0.0	0.0	1.0	0.0	53.0	0.0
Erythrobacter	4.0	0.0	0.0	0.0	23.0	0.0	0.0	0.0	0.0	0.0	11.0	0.0
Escherichia-Shigella	48.0	5.0	27.0	2.0	35.0	0.0	0.0	50617.0	3.0	0.0	63.0	2.0
Ethanoligenens	2.0	0.0	1.0	0.0	0.0	0.0	0.0	0.0	0.0	0.0	0.0	0.0
Exiguobacterium	0.0	0.0	2.0	0.0	10.0	0.0	0.0	21.0	0.0	0.0	2.0	0.0
Faecalibacterium	0.0	0.0	2.0	0.0	2.0	0.0	0.0	0.0	0.0	0.0	16.0	0.0
Ferribacterium	111.0	3.0	95.0	0.0	8.0	0.0	0.0	1.0	0.0	0.0	11.0	0.0
Ferritrophicum	0.0	0.0	0.0	0.0	1.0	0.0	0.0	0.0	0.0	0.0	1.0	0.0
Ferrovibrio	0.0	0.0	0.0	0.0	0.0	0.0	0.0	0.0	0.0	0.0	1.0	0.0
Ferruginibacter	13.0	0.0	25.0	0.0	22.0	0.0	0.0	1.0	0.0	0.0	3.0	0.0
Filobacterium	1.0	0.0	0.0	0.0	0.0	0.0	0.0	0.0	0.0	0.0	0.0	0.0
Fimbriiglobus	2.0	0.0	0.0	0.0	3.0	0.0	0.0	0.0	0.0	0.0	3.0	0.0
Flavihumibacter	0.0	0.0	1.0	0.0	4.0	0.0	0.0	0.0	0.0	0.0	0.0	0.0
Flavobacterium	268.0	36.0	84.0	0.0	211.0	0.0	0.0	5.0	0.0	0.0	1569.0	0.0
Flectobacillus	6.0	2.0	3.0	0.0	15.0	0.0	0.0	2.0	0.0	0.0	36.0	0.0
Fluviicoccus	1.0	0.0	0.0	0.0	3.0	0.0	0.0	0.0	0.0	0.0	2.0	0.0
Fluviicola	88.0	8.0	38.0	0.0	53.0	0.0	0.0	2.0	0.0	0.0	323.0	0.0
Fluviimonas	3.0	0.0	0.0	0.0	0.0	0.0	0.0	0.0	0.0	0.0	0.0	0.0
Fodinicola	6.0	1.0	0.0	0.0	4.0	0.0	0.0	0.0	0.0	0.0	6.0	0.0
Fonticella	0.0	0.0	0.0	0.0	1.0	0.0	0.0	0.0	0.0	0.0	0.0	0.0
Formivibrio	0.0	0.0	0.0	0.0	1.0	0.0	0.0	0.0	0.0	0.0	9.0	0.0
Fournierella	0.0	0.0	0.0	0.0	0.0	0.0	0.0	0.0	0.0	0.0	1.0	0.0
Franconibacter	0.0	0.0	0.0	0.0	0.0	0.0	0.0	1.0	0.0	0.0	0.0	0.0
FukuN57	1.0	0.0	0.0	0.0	1.0	0.0	0.0	0.0	0.0	0.0	5.0	0.0
Fusibacter	1.0	0.0	1.0	0.0	1.0	0.0	0.0	0.0	0.0	0.0	0.0	0.0
Fusicatenibacter	0.0	0.0	2.0	0.0	2.0	0.0	0.0	0.0	0.0	0.0	2.0	0.0
GCA-900066575	0.0	0.0	0.0	0.0	0.0	0.0	0.0	0.0	0.0	0.0	1.0	0.0
GKS98 freshwater group	100.0	8.0	44.0	0.0	333.0	0.0	0.0	4.0	0.0	0.0	603.0	0.0
GOUTA6	1.0	0.0	0.0	0.0	2.0	0.0	0.0	0.0	0.0	0.0	6.0	0.0
Gaiella	1.0	0.0	0.0	0.0	1.0	0.0	0.0	0.0	0.0	0.0	5.0	0.0
Galbitalea	0.0	0.0	0.0	0.0	0.0	0.0	0.0	0.0	0.0	0.0	1.0	0.0
Gallionella	2.0	0.0	1.0	0.0	4.0	0.0	0.0	0.0	0.0	0.0	20.0	0.0
Geitlerinema PCC-7105	0.0	0.0	9.0	0.0	0.0	0.0	0.0	0.0	0.0	0.0	0.0	0.0
Geminocystis PCC-6308	3.0	0.0	0.0	0.0	0.0	0.0	0.0	0.0	0.0	0.0	0.0	0.0
Gemmata	2.0	0.0	3.0	0.0	12.0	0.0	0.0	0.0	0.0	0.0	5.0	0.0
Gemmatimonas	0.0	0.0	3.0	0.0	11.0	0.0	0.0	0.0	0.0	0.0	4.0	0.0
Gemmobacter	21.0	2.0	1.0	0.0	66.0	0.0	0.0	1.0	0.0	0.0	74.0	0.0
Geobacter	0.0	0.0	0.0	0.0	5.0	0.0	0.0	0.0	0.0	0.0	3.0	0.0
Georgfuchsia	0.0	0.0	0.0	0.0	1.0	0.0	0.0	0.0	0.0	0.0	4.0	0.0
Geothermobacter	0.0	0.0	0.0	0.0	4.0	0.0	0.0	0.0	0.0	0.0	5.0	0.0
Geothrix	0.0	0.0	0.0	0.0	6.0	0.0	0.0	0.0	0.0	0.0	1.0	0.0
Giesbergeria	0.0	0.0	0.0	0.0	2.0	0.0	0.0	0.0	0.0	0.0	7.0	0.0
Gilliamella	0.0	0.0	0.0	0.0	3.0	0.0	0.0	0.0	0.0	0.0	1.0	0.0
Glaciimonas	0.0	0.0	0.0	0.0	0.0	0.0	0.0	0.0	0.0	0.0	1.0	0.0
Gottschalkia	1.0	0.0	0.0	0.0	1.0	0.0	0.0	0.0	0.0	0.0	0.0	0.0
Granulicatella	0.0	0.0	0.0	0.0	1.0	0.0	0.0	53.0	0.0	0.0	0.0	0.0
Haematobacter	0.0	0.0	0.0	0.0	1.0	0.0	0.0	0.0	0.0	0.0	2.0	0.0
Haematospirillum	0.0	0.0	0.0	0.0	1.0	0.0	0.0	0.0	0.0	0.0	1.0	0.0
Haemophilus	0.0	0.0	1.0	0.0	0.0	0.0	0.0	0.0	0.0	0.0	0.0	0.0
Hafnia-Obesumbacterium	0.0	0.0	0.0	0.0	1.0	0.0	0.0	0.0	0.0	0.0	4.0	0.0
Haliangium	66.0	2.0	150.0	0.0	75.0	0.0	0.0	1.0	0.0	0.0	52.0	0.0
Halioglobus	0.0	0.0	0.0	0.0	0.0	0.0	0.0	0.0	0.0	0.0	1.0	0.0
Haliscomenobacter	9.0	0.0	15.0	0.0	6.0	0.0	0.0	0.0	0.0	0.0	0.0	0.0
Haloimpatiens	0.0	0.0	0.0	0.0	1.0	0.0	0.0	0.0	0.0	0.0	0.0	0.0
Halomonas	0.0	0.0	0.0	0.0	0.0	0.0	0.0	0.0	0.0	0.0	5.0	0.0
Halovulum	0.0	0.0	0.0	0.0	5.0	0.0	0.0	0.0	0.0	0.0	1.0	0.0
Harryflintia	0.0	0.0	0.0	0.0	0.0	0.0	0.0	0.0	0.0	0.0	2.0	0.0
Herbaspirillum	0.0	0.0	0.0	0.0	2.0	0.0	0.0	0.0	0.0	0.0	1.0	0.0
Herminiimonas	0.0	0.0	0.0	0.0	0.0	0.0	0.0	0.0	0.0	0.0	2.0	0.0
Herpetosiphon	0.0	0.0	0.0	0.0	0.0	0.0	0.0	0.0	0.0	0.0	1.0	0.0
Hydrogenispora	1.0	0.0	0.0	0.0	1.0	0.0	0.0	0.0	0.0	0.0	2.0	0.0
Hydrogenophaga	40.0	8.0	18.0	0.0	422.0	1.0	0.0	5.0	0.0	0.0	621.0	0.0
Hymenobacter	0.0	0.0	0.0	0.0	0.0	0.0	0.0	0.0	0.0	0.0	2.0	0.0
Hyphomicrobium	50.0	2.0	32.0	0.0	58.0	0.0	0.0	1.0	0.0	0.0	67.0	0.0
Hypnocyclicus	2.0	0.0	1.0	0.0	0.0	0.0	0.0	0.0	0.0	0.0	11.0	0.0
IMCC26134	36.0	0.0	9.0	0.0	528.0	0.0	0.0	2.0	0.0	0.0	195.0	0.0
IMCC26207	4.0	0.0	3.0	0.0	0.0	0.0	0.0	0.0	0.0	0.0	5.0	0.0
IS-44	1.0	0.0	0.0	0.0	4.0	0.0	0.0	0.0	0.0	0.0	6.0	0.0
Iamia	1.0	0.0	1.0	0.0	3.0	0.0	0.0	0.0	0.0	0.0	7.0	0.0
Ideonella	10.0	0.0	9.0	0.0	15.0	0.0	0.0	0.0	0.0	0.0	52.0	0.0
Ignatzschineria	0.0	0.0	0.0	0.0	0.0	0.0	0.0	0.0	0.0	0.0	1.0	0.0
Ilumatobacter	4.0	0.0	0.0	0.0	14.0	0.0	0.0	0.0	0.0	0.0	14.0	0.0
Inhella	22.0	2.0	7.0	0.0	8.0	0.0	0.0	1.0	0.0	0.0	8.0	0.0
Inquilinus	0.0	0.0	1.0	0.0	0.0	0.0	0.0	0.0	0.0	0.0	0.0	0.0
Insolitispirillum	0.0	1.0	0.0	0.0	0.0	0.0	0.0	0.0	0.0	0.0	0.0	0.0
Intestinibacter	24.0	0.0	0.0	0.0	19.0	0.0	0.0	0.0	0.0	0.0	13.0	0.0
Iodobacter	0.0	0.0	0.0	0.0	3.0	0.0	0.0	0.0	0.0	0.0	6.0	0.0
JGI 0001001-H03	0.0	0.0	0.0	0.0	1.0	0.0	0.0	0.0	0.0	0.0	0.0	0.0
Janthinobacterium	0.0	0.0	0.0	0.0	5.0	0.0	0.0	1.0	0.0	0.0	18.0	0.0
Kaistia	0.0	0.0	0.0	0.0	2.0	0.0	0.0	1.0	0.0	0.0	3.0	0.0
Kerstersia	1.0	0.0	1.0	0.0	6.0	0.0	0.0	0.0	0.0	0.0	1.0	0.0
Ketogulonicigenium	5.0	0.0	3.0	0.0	27.0	0.0	0.0	0.0	0.0	0.0	14.0	0.0
Kineococcus	0.0	0.0	0.0	0.0	0.0	0.0	0.0	0.0	0.0	0.0	2.0	0.0
Klebsiella	2.0	0.0	0.0	0.0	1.0	0.0	0.0	72.0	0.0	0.0	34.0	0.0
Kluyvera	1.0	0.0	0.0	0.0	0.0	0.0	0.0	3.0	0.0	0.0	14.0	0.0
Kosakonia	1.0	0.0	1.0	0.0	0.0	0.0	0.0	13.0	0.0	0.0	0.0	0.0
Koukoulia	0.0	0.0	0.0	0.0	0.0	0.0	0.0	0.0	0.0	0.0	2.0	0.0
Kouleothrix	1.0	0.0	2.0	0.0	0.0	0.0	0.0	0.0	0.0	0.0	0.0	0.0
Labrys	1.0	0.0	1.0	0.0	0.0	0.0	0.0	0.0	0.0	0.0	0.0	0.0
Lachnoclostridium	0.0	0.0	1.0	0.0	0.0	0.0	0.0	0.0	0.0	0.0	2.0	0.0
Lachnoclostridium 5	1.0	0.0	0.0	0.0	0.0	0.0	0.0	0.0	0.0	0.0	1.0	0.0
Lachnospiraceae NK3A20 group	0.0	0.0	1.0	0.0	0.0	0.0	0.0	0.0	0.0	0.0	0.0	0.0
Lachnospiraceae NK4A136 group	0.0	0.0	0.0	0.0	0.0	0.0	0.0	0.0	0.0	0.0	3.0	0.0
Lacibacter	2.0	0.0	0.0	0.0	3.0	0.0	0.0	0.0	0.0	0.0	2.0	0.0
Lacihabitans	41.0	2.0	28.0	0.0	124.0	0.0	0.0	0.0	0.0	0.0	41.0	0.0
Lactobacillus	14.0	2.0	20.0	0.0	17.0	0.0	1.0	8145.0	0.0	0.0	14.0	0.0
Lactovum	0.0	0.0	0.0	0.0	2.0	0.0	0.0	0.0	0.0	0.0	0.0	0.0
Lacunisphaera	11.0	0.0	5.0	0.0	66.0	1.0	0.0	0.0	0.0	0.0	30.0	0.0
Laribacter	1.0	0.0	0.0	0.0	0.0	0.0	0.0	0.0	0.0	0.0	1.0	0.0
Lautropia	11.0	0.0	11.0	0.0	5.0	0.0	0.0	0.0	0.0	0.0	19.0	0.0
Legionella	9.0	0.0	6.0	0.0	28.0	0.0	0.0	0.0	0.0	0.0	31.0	0.0
Lelliottia	0.0	0.0	0.0	0.0	0.0	0.0	0.0	1.0	0.0	0.0	13.0	0.0
Lentimicrobium	1.0	0.0	0.0	0.0	0.0	0.0	0.0	0.0	0.0	0.0	0.0	0.0
Lentimonas	0.0	0.0	0.0	0.0	4.0	0.0	0.0	0.0	0.0	0.0	0.0	0.0
Lentisphaera	5.0	0.0	0.0	0.0	6.0	0.0	0.0	0.0	0.0	0.0	22.0	0.0
Leptospira	8.0	0.0	19.0	0.0	0.0	0.0	0.0	0.0	0.0	0.0	0.0	0.0
Leptothrix	44.0	1.0	40.0	0.0	78.0	0.0	0.0	0.0	0.0	0.0	84.0	0.0
Leucobacter	0.0	0.0	0.0	0.0	0.0	0.0	0.0	0.0	0.0	0.0	8.0	0.0
Leuconostoc	1.0	0.0	0.0	0.0	0.0	0.0	0.0	0.0	0.0	0.0	0.0	0.0
Limnobacter	0.0	0.0	0.0	0.0	6.0	0.0	0.0	1.0	0.0	0.0	14.0	0.0
Limnohabitans	5425.0	789.0	1358.0	4.0	43022.0	5.0	1.0	163.0	1.0	0.0	24018.0	3.0
Listeria	19.0	1.0	21.0	0.0	23.0	1.0	0.0	13486.0	0.0	0.0	10.0	0.0
Luteimonas	0.0	0.0	0.0	0.0	1.0	0.0	0.0	0.0	0.0	0.0	0.0	0.0
Luteolibacter	3.0	0.0	13.0	0.0	4.0	0.0	0.0	0.0	0.0	0.0	0.0	0.0
Lutispora	4.0	0.0	3.0	0.0	0.0	0.0	0.0	0.0	0.0	0.0	0.0	0.0
Lysinibacillus	1.0	0.0	0.0	0.0	4.0	0.0	0.0	0.0	0.0	0.0	1.0	0.0
Lysobacter	27.0	0.0	21.0	0.0	9.0	0.0	0.0	0.0	0.0	0.0	10.0	0.0
MB11C04 marine group	0.0	0.0	0.0	0.0	2.0	0.0	0.0	0.0	0.0	0.0	0.0	0.0
MM1	0.0	0.0	0.0	0.0	0.0	0.0	0.0	0.0	0.0	0.0	2.0	0.0
MND1	5.0	0.0	4.0	0.0	19.0	0.0	0.0	1.0	0.0	0.0	38.0	0.0
MSBL3	0.0	0.0	0.0	0.0	4.0	0.0	0.0	0.0	0.0	0.0	0.0	0.0
MWH-Ta3	20.0	1.0	5.0	0.0	33.0	0.0	0.0	0.0	0.0	0.0	162.0	0.0
MWH-UniP1 aquatic group	0.0	0.0	0.0	0.0	0.0	0.0	0.0	0.0	0.0	0.0	3.0	0.0
Macellibacteroides	0.0	0.0	0.0	0.0	0.0	0.0	0.0	0.0	0.0	0.0	2.0	0.0
Macromonas	1.0	0.0	0.0	0.0	0.0	0.0	0.0	0.0	0.0	0.0	1.0	0.0
Magnetospirillum	0.0	0.0	0.0	0.0	0.0	0.0	0.0	0.0	0.0	0.0	5.0	0.0
Malikia	31.0	27.0	4.0	0.0	210.0	0.0	0.0	0.0	0.0	0.0	154.0	0.0
Marmoricola	2.0	0.0	1.0	0.0	0.0	0.0	0.0	0.0	0.0	0.0	0.0	0.0
Marvinbryantia	1.0	0.0	0.0	0.0	0.0	0.0	0.0	0.0	0.0	0.0	0.0	0.0
Massilia	12.0	2.0	4.0	0.0	18.0	0.0	0.0	1.0	0.0	0.0	57.0	0.0
Megamonas	0.0	0.0	2.0	0.0	4.0	0.0	0.0	0.0	0.0	0.0	0.0	0.0
Meganema	0.0	0.0	0.0	0.0	0.0	0.0	0.0	0.0	0.0	0.0	1.0	0.0
Megasphaera	0.0	0.0	0.0	0.0	1.0	0.0	0.0	0.0	0.0	0.0	0.0	0.0
Mesorhizobium	5.0	0.0	4.0	0.0	13.0	0.0	0.0	2.0	0.0	0.0	8.0	0.0
Methylobacillus	0.0	0.0	0.0	0.0	4.0	0.0	0.0	0.0	0.0	0.0	1.0	0.0
Methylobacterium	0.0	0.0	0.0	0.0	0.0	0.0	0.0	0.0	0.0	0.0	6.0	0.0
Methylocystis	2.0	0.0	0.0	0.0	6.0	0.0	0.0	0.0	0.0	0.0	1.0	0.0
Methylomonas	0.0	0.0	0.0	0.0	0.0	0.0	0.0	0.0	0.0	0.0	1.0	0.0
Methyloparacoccus	0.0	0.0	0.0	0.0	0.0	0.0	0.0	0.0	0.0	0.0	1.0	0.0
Methylophilus	0.0	0.0	0.0	0.0	36.0	0.0	0.0	0.0	0.0	0.0	35.0	0.0
Methylorosula	3.0	4.0	9.0	0.0	1.0	0.0	0.0	0.0	0.0	0.0	0.0	0.0
Methylosinus	0.0	0.0	1.0	0.0	2.0	0.0	0.0	0.0	0.0	0.0	0.0	0.0
Methylotenera	32.0	2.0	29.0	0.0	113.0	0.0	0.0	4.0	0.0	0.0	272.0	0.0
Methyloversatilis	1.0	0.0	1.0	0.0	0.0	0.0	0.0	0.0	0.0	0.0	0.0	0.0
Microbacterium	0.0	0.0	0.0	0.0	1.0	0.0	0.0	0.0	0.0	0.0	5.0	0.0
Microlunatus	0.0	0.0	0.0	0.0	1.0	0.0	0.0	0.0	0.0	0.0	4.0	0.0
Micromonospora	0.0	0.0	0.0	0.0	0.0	0.0	0.0	0.0	0.0	0.0	2.0	0.0
Micropepsis	0.0	0.0	0.0	0.0	0.0	0.0	0.0	0.0	0.0	0.0	1.0	0.0
Micropruina	2.0	0.0	0.0	0.0	0.0	0.0	0.0	0.0	0.0	0.0	0.0	0.0
Microvirga	0.0	0.0	0.0	0.0	0.0	0.0	0.0	0.0	0.0	0.0	1.0	0.0
Microvirgula	0.0	0.0	0.0	0.0	0.0	0.0	0.0	0.0	0.0	0.0	1.0	0.0
Mitsuaria	0.0	0.0	0.0	0.0	1.0	0.0	0.0	0.0	0.0	0.0	0.0	0.0
Mucilaginibacter	0.0	0.0	0.0	0.0	0.0	0.0	0.0	0.0	0.0	0.0	1.0	0.0
Mycobacterium	1.0	0.0	1.0	0.0	1.0	0.0	0.0	0.0	0.0	0.0	0.0	0.0
Nannocystis	1.0	0.0	6.0	0.0	0.0	0.0	0.0	0.0	0.0	0.0	0.0	0.0
Nevskia	0.0	0.0	0.0	0.0	3.0	0.0	0.0	0.0	0.0	0.0	2.0	0.0
Nitratireductor	7.0	0.0	1.0	0.0	23.0	0.0	0.0	0.0	0.0	0.0	8.0	0.0
Nitrosomonas	5.0	0.0	28.0	0.0	0.0	0.0	0.0	0.0	0.0	0.0	0.0	0.0
Nitrospira	63.0	0.0	57.0	0.0	5.0	0.0	0.0	0.0	0.0	0.0	13.0	0.0
Nitrospirillum	0.0	0.0	1.0	0.0	0.0	0.0	0.0	0.0	0.0	0.0	0.0	0.0
Niveispirillum	3.0	0.0	0.0	0.0	9.0	0.0	0.0	0.0	0.0	0.0	12.0	0.0
Nocardioides	5.0	0.0	2.0	0.0	2.0	0.0	0.0	0.0	0.0	0.0	5.0	0.0
Nordella	3.0	0.0	2.0	0.0	5.0	0.0	0.0	0.0	0.0	0.0	6.0	0.0
Nostoc PCC-73102	1.0	0.0	0.0	0.0	0.0	0.0	0.0	0.0	0.0	0.0	0.0	0.0
Novibacillus	0.0	0.0	0.0	0.0	2.0	0.0	0.0	0.0	0.0	0.0	0.0	0.0
Noviherbaspirillum	2.0	0.0	1.0	0.0	28.0	0.0	0.0	0.0	0.0	0.0	26.0	0.0
Novosphingobium	214.0	12.0	56.0	0.0	494.0	0.0	0.0	3.0	0.0	0.0	303.0	0.0
OLB12	6.0	0.0	2.0	0.0	2.0	0.0	0.0	0.0	0.0	0.0	2.0	0.0
OLB8	2.0	0.0	1.0	0.0	0.0	0.0	0.0	0.0	0.0	0.0	0.0	0.0
OM27 clade	23.0	0.0	9.0	0.0	53.0	0.0	0.0	1.0	0.0	0.0	8.0	0.0
OM43 clade	1.0	0.0	0.0	0.0	1.0	0.0	0.0	0.0	0.0	0.0	0.0	0.0
OM60(NOR5) clade	1.0	0.0	0.0	0.0	3.0	0.0	0.0	0.0	0.0	0.0	0.0	0.0
Ochrobactrum	0.0	0.0	0.0	0.0	1.0	0.0	0.0	0.0	0.0	0.0	0.0	0.0
Oleiphilus	0.0	0.0	0.0	0.0	0.0	0.0	0.0	0.0	0.0	0.0	1.0	0.0
Oligoflexus	0.0	0.0	0.0	0.0	4.0	0.0	0.0	0.0	0.0	0.0	8.0	0.0
Olsenella	0.0	0.0	0.0	0.0	1.0	0.0	0.0	0.0	0.0	0.0	0.0	0.0
Opitutus	2.0	0.0	1.0	0.0	9.0	0.0	0.0	0.0	0.0	0.0	6.0	0.0
Ornithinibacter	7.0	0.0	2.0	0.0	0.0	0.0	0.0	0.0	0.0	0.0	1.0	0.0
Ottowia	3.0	0.0	0.0	0.0	1.0	0.0	0.0	0.0	0.0	0.0	4.0	0.0
Oxalicibacterium	0.0	0.0	0.0	0.0	0.0	0.0	0.0	0.0	0.0	0.0	2.0	0.0
Oxobacter	0.0	0.0	0.0	0.0	2.0	0.0	0.0	0.0	0.0	0.0	1.0	0.0
Paenibacillus	0.0	0.0	1.0	0.0	14.0	0.0	0.0	0.0	0.0	0.0	6.0	0.0
Paeniclostridium	1.0	0.0	0.0	0.0	0.0	0.0	0.0	0.0	0.0	0.0	0.0	0.0
Paenirhodobacter	1.0	2.0	0.0	0.0	9.0	0.0	0.0	1.0	0.0	0.0	26.0	0.0
Paenisporosarcina	0.0	0.0	0.0	0.0	1.0	0.0	0.0	0.0	0.0	0.0	0.0	0.0
Pajaroellobacter	2.0	0.0	4.0	0.0	0.0	0.0	0.0	0.0	0.0	0.0	0.0	0.0
Paludibacterium	1.0	0.0	0.0	0.0	0.0	0.0	0.0	0.0	0.0	0.0	0.0	0.0
Paludibaculum	5.0	0.0	2.0	0.0	0.0	0.0	0.0	0.0	0.0	0.0	0.0	0.0
Paludisphaera	0.0	0.0	0.0	0.0	1.0	0.0	0.0	0.0	0.0	0.0	0.0	0.0
Pantoea	0.0	0.0	0.0	0.0	1.0	0.0	0.0	9.0	0.0	0.0	30.0	0.0
Papillibacter	0.0	0.0	0.0	0.0	1.0	0.0	0.0	0.0	0.0	0.0	0.0	0.0
Parabacteroides	0.0	0.0	0.0	0.0	0.0	0.0	0.0	0.0	0.0	0.0	2.0	0.0
Parablastomonas	0.0	0.0	0.0	0.0	3.0	0.0	0.0	0.0	0.0	0.0	1.0	0.0
Paracoccus	6.0	0.0	0.0	0.0	0.0	0.0	0.0	0.0	0.0	0.0	8.0	0.0
Paraglaciecola	1.0	0.0	0.0	0.0	0.0	0.0	0.0	0.0	0.0	0.0	0.0	0.0
Paraperlucidibaca	0.0	0.0	0.0	0.0	0.0	0.0	0.0	0.0	0.0	0.0	1.0	0.0
Paucibacter	1.0	1.0	0.0	0.0	8.0	0.0	0.0	0.0	0.0	0.0	26.0	0.0
Pectobacterium	0.0	0.0	0.0	0.0	0.0	0.0	0.0	1.0	0.0	0.0	19.0	0.0
Pedobacter	3.0	0.0	5.0	0.0	3.0	0.0	0.0	0.0	0.0	0.0	6.0	0.0
Pedomicrobium	8.0	0.0	9.0	0.0	8.0	0.0	0.0	0.0	0.0	0.0	24.0	0.0
Pelagicoccus	0.0	0.0	0.0	0.0	2.0	0.0	0.0	0.0	0.0	0.0	0.0	0.0
Pelomonas	8.0	0.0	2.0	0.0	16.0	0.0	0.0	0.0	0.0	0.0	23.0	0.0
Pelosinus	0.0	0.0	0.0	0.0	0.0	0.0	0.0	0.0	0.0	0.0	2.0	0.0
Pelotomaculum	0.0	0.0	0.0	0.0	0.0	0.0	0.0	0.0	0.0	0.0	1.0	0.0
Peredibacter	4.0	0.0	2.0	0.0	3.0	0.0	0.0	0.0	0.0	0.0	0.0	0.0
Perlucidibaca	0.0	0.0	1.0	0.0	1.0	0.0	0.0	1.0	0.0	0.0	93.0	0.0
Permianibacter	0.0	0.0	0.0	0.0	2.0	0.0	0.0	0.0	0.0	0.0	0.0	0.0
Phaeocystidibacter	0.0	0.0	0.0	0.0	1.0	0.0	0.0	0.0	0.0	0.0	0.0	0.0
Phaeodactylibacter	0.0	0.0	0.0	0.0	0.0	0.0	0.0	0.0	0.0	0.0	2.0	0.0
Phaeospirillum	0.0	0.0	0.0	0.0	0.0	0.0	0.0	0.0	0.0	0.0	1.0	0.0
Phaselicystis	1.0	0.0	4.0	0.0	0.0	0.0	0.0	0.0	0.0	0.0	0.0	0.0
Phenylobacterium	2.0	0.0	3.0	0.0	2.0	0.0	0.0	1.0	0.0	0.0	2.0	0.0
Phormidesmis ANT.LACV5.1	2.0	0.0	0.0	0.0	0.0	0.0	0.0	0.0	0.0	0.0	0.0	0.0
Photorhabdus	0.0	0.0	0.0	0.0	0.0	0.0	0.0	0.0	0.0	0.0	2.0	0.0
Phreatobacter	5.0	0.0	4.0	0.0	9.0	0.0	0.0	1.0	0.0	0.0	14.0	0.0
Phycicoccus	0.0	0.0	0.0	0.0	0.0	0.0	0.0	0.0	0.0	0.0	1.0	0.0
Pir4 lineage	0.0	0.0	0.0	0.0	0.0	0.0	0.0	0.0	0.0	0.0	1.0	0.0
Pirellula	0.0	0.0	0.0	0.0	0.0	0.0	0.0	0.0	0.0	0.0	2.0	0.0
Piscinibacter	22.0	1.0	11.0	0.0	0.0	0.0	0.0	0.0	0.0	0.0	8.0	0.0
Planktothrix NIVA-CYA 15	0.0	0.0	0.0	0.0	0.0	0.0	0.0	0.0	0.0	0.0	1.0	0.0
Plasticicumulans	2.0	0.0	0.0	0.0	0.0	0.0	0.0	0.0	0.0	0.0	0.0	0.0
Plesiomonas	0.0	0.0	0.0	0.0	2.0	0.0	0.0	0.0	0.0	0.0	0.0	0.0
Pleurocapsa PCC-7319	1.0	0.0	0.0	0.0	0.0	0.0	0.0	0.0	0.0	0.0	1.0	0.0
Pluralibacter	0.0	0.0	0.0	0.0	0.0	0.0	0.0	8.0	0.0	0.0	0.0	0.0
Polaromonas	11.0	0.0	5.0	0.0	50.0	0.0	0.0	0.0	0.0	0.0	45.0	0.0
Polycyclovorans	0.0	0.0	0.0	0.0	0.0	0.0	0.0	0.0	0.0	0.0	2.0	0.0
Polymorphobacter	4.0	0.0	0.0	0.0	3.0	0.0	0.0	0.0	0.0	0.0	0.0	0.0
Polynucleobacter	179.0	12.0	84.0	0.0	636.0	1.0	0.0	11.0	0.0	0.0	1126.0	0.0
Porphyrobacter	5.0	0.0	3.0	0.0	15.0	0.0	0.0	0.0	0.0	0.0	7.0	0.0
Porticoccus	0.0	0.0	0.0	0.0	0.0	0.0	0.0	0.0	0.0	0.0	3.0	0.0
Pragia	0.0	0.0	0.0	0.0	0.0	0.0	0.0	0.0	0.0	0.0	5.0	0.0
Prevotella 1	0.0	1.0	1.0	0.0	1.0	0.0	0.0	0.0	0.0	0.0	1.0	0.0
Prevotella 9	0.0	0.0	0.0	0.0	0.0	0.0	0.0	0.0	0.0	0.0	3.0	0.0
Prevotellaceae Ga6A1 group	0.0	0.0	0.0	0.0	0.0	0.0	0.0	0.0	0.0	0.0	1.0	0.0
Propionispira	0.0	0.0	0.0	0.0	0.0	0.0	0.0	0.0	0.0	0.0	2.0	0.0
Propionivibrio	0.0	0.0	0.0	0.0	0.0	0.0	0.0	0.0	0.0	0.0	11.0	0.0
Prosthecobacter	0.0	0.0	1.0	0.0	0.0	0.0	0.0	0.0	0.0	0.0	0.0	0.0
Prosthecomicrobium	1.0	0.0	0.0	0.0	0.0	0.0	0.0	0.0	0.0	0.0	1.0	0.0
Proteiniclasticum	1.0	0.0	2.0	0.0	1.0	0.0	0.0	0.0	0.0	0.0	1.0	0.0
Proteocatella	0.0	0.0	0.0	0.0	0.0	0.0	0.0	0.0	0.0	0.0	2.0	0.0
Proteus	0.0	0.0	0.0	0.0	0.0	0.0	0.0	1.0	0.0	0.0	0.0	0.0
Providencia	0.0	0.0	0.0	0.0	0.0	0.0	0.0	0.0	0.0	0.0	3.0	0.0
Pseudacidovorax	0.0	0.0	0.0	0.0	0.0	0.0	0.0	0.0	0.0	0.0	1.0	0.0
Pseudanabaena PCC-7429	0.0	0.0	0.0	0.0	0.0	0.0	0.0	1.0	0.0	0.0	27.0	0.0
Pseudarcicella	1671.0	72.0	559.0	1.0	1758.0	2.0	1.0	56.0	0.0	0.0	16471.0	4.0
Pseudocitrobacter	0.0	0.0	0.0	0.0	0.0	0.0	0.0	1.0	0.0	0.0	0.0	0.0
Pseudohongiella	4.0	0.0	0.0	0.0	5.0	0.0	0.0	0.0	0.0	0.0	13.0	0.0
Pseudolabrys	0.0	0.0	0.0	0.0	5.0	0.0	0.0	0.0	0.0	0.0	1.0	0.0
Pseudomonas	13.0	5.0	9.0	0.0	11.0	0.0	0.0	1365.0	0.0	0.0	187.0	0.0
Pseudoramibacter	1.0	0.0	0.0	0.0	0.0	0.0	0.0	0.0	0.0	0.0	0.0	0.0
Pseudorhodobacter	663.0	126.0	141.0	0.0	1214.0	0.0	2.0	12.0	0.0	0.0	669.0	0.0
Pseudorhodoferax	0.0	0.0	0.0	0.0	1.0	0.0	0.0	0.0	0.0	0.0	0.0	0.0
Pseudorhodoplanes	3.0	0.0	2.0	0.0	6.0	0.0	0.0	1.0	0.0	0.0	8.0	0.0
Pseudoxanthomonas	0.0	0.0	0.0	0.0	5.0	0.0	0.0	0.0	0.0	0.0	5.0	0.0
Psychrobacillus	0.0	0.0	0.0	0.0	1.0	0.0	0.0	0.0	0.0	0.0	0.0	0.0
Puniceicoccus	1.0	0.0	0.0	0.0	1.0	0.0	0.0	0.0	0.0	0.0	0.0	0.0
Qipengyuania	1.0	0.0	0.0	0.0	0.0	0.0	0.0	0.0	0.0	0.0	0.0	0.0
Quatrionicoccus	0.0	0.0	0.0	0.0	0.0	0.0	0.0	0.0	0.0	0.0	3.0	0.0
RS62 marine group	0.0	0.0	0.0	0.0	0.0	0.0	0.0	0.0	0.0	0.0	1.0	0.0
Rahnella	0.0	0.0	0.0	0.0	0.0	0.0	0.0	0.0	0.0	0.0	3.0	0.0
Ramlibacter	3.0	0.0	3.0	0.0	4.0	0.0	0.0	0.0	0.0	0.0	2.0	0.0
Raoultella	1.0	0.0	0.0	0.0	0.0	0.0	0.0	2.0	0.0	0.0	11.0	0.0
Reyranella	16.0	0.0	10.0	0.0	7.0	0.0	0.0	0.0	0.0	0.0	15.0	0.0
Rheinheimera	33.0	0.0	14.0	0.0	52.0	0.0	0.0	0.0	0.0	0.0	122.0	0.0
Rhizobacter	32.0	0.0	11.0	0.0	83.0	0.0	0.0	0.0	0.0	0.0	174.0	0.0
Rhizorhapis	6.0	0.0	1.0	0.0	20.0	0.0	0.0	1.0	0.0	0.0	11.0	0.0
Rhodobacter	399.0	46.0	130.0	0.0	485.0	0.0	0.0	9.0	0.0	0.0	297.0	0.0
Rhodococcus	0.0	0.0	0.0	0.0	0.0	0.0	0.0	0.0	0.0	0.0	1.0	0.0
Rhodoferax	232.0	33.0	91.0	0.0	2957.0	0.0	1.0	15.0	0.0	0.0	1142.0	0.0
Rhodoluna	98.0	3.0	34.0	0.0	201.0	0.0	0.0	10.0	0.0	0.0	2130.0	0.0
Rhodomicrobium	1.0	0.0	0.0	0.0	0.0	0.0	0.0	0.0	0.0	0.0	3.0	0.0
Rhodoplanes	6.0	0.0	1.0	0.0	4.0	0.0	0.0	0.0	0.0	0.0	0.0	0.0
Rhodovastum	1.0	0.0	1.0	0.0	2.0	0.0	0.0	0.0	0.0	0.0	2.0	0.0
Rickettsia	4.0	0.0	1.0	0.0	2.0	0.0	0.0	0.0	0.0	0.0	0.0	0.0
Rickettsiella	55.0	1.0	30.0	0.0	709.0	0.0	0.0	5.0	0.0	0.0	353.0	0.0
Rikenellaceae RC9 gut group	1.0	0.0	0.0	0.0	0.0	0.0	0.0	0.0	0.0	0.0	2.0	0.0
Rivicola	2.0	0.0	1.0	0.0	1.0	0.0	0.0	0.0	0.0	0.0	27.0	0.0
Romboutsia	190.0	1.0	41.0	0.0	113.0	0.0	0.0	0.0	0.0	0.0	81.0	0.0
Roseburia	2.0	0.0	0.0	0.0	0.0	0.0	0.0	0.0	0.0	0.0	1.0	0.0
Roseimarinus	0.0	0.0	0.0	0.0	0.0	0.0	0.0	0.0	0.0	0.0	1.0	0.0
Roseobacter clade CHAB-I-5 lineage	0.0	0.0	1.0	0.0	0.0	0.0	0.0	0.0	0.0	0.0	0.0	0.0
Roseococcus	0.0	0.0	0.0	0.0	4.0	0.0	0.0	0.0	0.0	0.0	7.0	0.0
Roseomonas	6.0	1.0	6.0	0.0	17.0	0.0	0.0	0.0	0.0	0.0	16.0	0.0
Rubellimicrobium	1.0	0.0	2.0	0.0	0.0	0.0	0.0	0.0	0.0	0.0	4.0	0.0
Rubripirellula	0.0	0.0	0.0	0.0	1.0	0.0	0.0	0.0	0.0	0.0	0.0	0.0
Rubrivirga	0.0	0.0	2.0	0.0	0.0	0.0	0.0	0.0	0.0	0.0	0.0	0.0
Rubrivivax	14.0	1.0	11.0	0.0	5.0	0.0	0.0	0.0	0.0	0.0	9.0	0.0
Rugamonas	0.0	0.0	0.0	0.0	1.0	0.0	0.0	0.0	0.0	0.0	1.0	0.0
Ruminiclostridium	0.0	0.0	0.0	0.0	2.0	0.0	0.0	0.0	0.0	0.0	0.0	0.0
Ruminiclostridium 1	2.0	0.0	1.0	0.0	5.0	0.0	0.0	0.0	0.0	0.0	2.0	0.0
Ruminiclostridium 5	1.0	0.0	0.0	0.0	0.0	0.0	0.0	0.0	0.0	0.0	0.0	0.0
Ruminiclostridium 6	0.0	0.0	0.0	0.0	5.0	0.0	0.0	0.0	0.0	0.0	0.0	0.0
Ruminiclostridium 9	1.0	0.0	0.0	0.0	0.0	0.0	0.0	0.0	0.0	0.0	4.0	0.0
Ruminococcaceae NK4A214 group	1.0	0.0	1.0	0.0	1.0	0.0	0.0	0.0	0.0	0.0	1.0	0.0
Ruminococcaceae UCG-003	0.0	0.0	0.0	0.0	0.0	0.0	0.0	0.0	0.0	0.0	1.0	0.0
Ruminococcaceae UCG-013	3.0	0.0	0.0	0.0	0.0	0.0	0.0	0.0	0.0	0.0	0.0	0.0
Ruminococcaceae UCG-014	0.0	0.0	1.0	0.0	0.0	0.0	0.0	0.0	0.0	0.0	0.0	0.0
Ruminococcus 1	1.0	0.0	0.0	0.0	1.0	0.0	0.0	0.0	0.0	0.0	1.0	0.0
Ruminococcus 2	1.0	0.0	0.0	0.0	0.0	0.0	0.0	0.0	0.0	0.0	2.0	0.0
Runella	16.0	0.0	14.0	0.0	11.0	0.0	0.0	0.0	0.0	0.0	10.0	0.0
SBZC-1223	0.0	0.0	0.0	0.0	0.0	0.0	0.0	0.0	0.0	0.0	1.0	0.0
SH-PL14	0.0	0.0	2.0	0.0	7.0	0.0	0.0	0.0	0.0	0.0	5.0	0.0
SM1A02	2.0	0.0	0.0	0.0	3.0	0.0	0.0	0.0	0.0	0.0	1.0	0.0
SN8	0.0	0.0	0.0	0.0	1.0	0.0	0.0	0.0	0.0	0.0	0.0	0.0
Saccharofermentans	0.0	0.0	0.0	0.0	0.0	0.0	0.0	0.0	0.0	0.0	1.0	0.0
Salinibacterium	0.0	0.0	1.0	0.0	0.0	0.0	0.0	0.0	0.0	0.0	0.0	0.0
Salinispira	0.0	0.0	0.0	0.0	0.0	0.0	0.0	0.0	0.0	0.0	1.0	0.0
Salmonella	41.0	5.0	27.0	1.0	35.0	1.0	2.0	46900.0	6.0	1.0	29.0	0.0
Sandaracinobacter	0.0	0.0	0.0	0.0	0.0	0.0	0.0	0.0	0.0	0.0	1.0	0.0
Sandaracinus	0.0	0.0	0.0	0.0	1.0	0.0	0.0	0.0	0.0	0.0	0.0	0.0
Sandarakinorhabdus	2.0	0.0	0.0	0.0	4.0	0.0	0.0	0.0	0.0	0.0	0.0	0.0
Saprospira	0.0	0.0	0.0	0.0	2.0	0.0	0.0	0.0	0.0	0.0	0.0	0.0
Schizothrix LEGE 07164	0.0	0.0	1.0	0.0	0.0	0.0	0.0	0.0	0.0	0.0	0.0	0.0
Sediminibacterium	22.0	1.0	12.0	0.0	28.0	0.0	0.0	0.0	0.0	0.0	74.0	0.0
Selenomonas	0.0	0.0	1.0	0.0	0.0	0.0	0.0	0.0	0.0	0.0	2.0	0.0
Senegalimassilia	0.0	0.0	1.0	0.0	0.0	0.0	0.0	0.0	0.0	0.0	0.0	0.0
Serratia	1.0	0.0	0.0	0.0	1.0	0.0	0.0	6.0	0.0	0.0	19.0	0.0
Shimwellia	0.0	0.0	0.0	0.0	0.0	0.0	0.0	4.0	0.0	0.0	0.0	0.0
Shinella	0.0	0.0	1.0	0.0	0.0	0.0	0.0	0.0	0.0	0.0	8.0	0.0
Shuttleworthia	1.0	0.0	0.0	0.0	0.0	0.0	0.0	0.0	0.0	0.0	0.0	0.0
Sideroxydans	1.0	0.0	1.0	0.0	8.0	0.0	0.0	1.0	0.0	0.0	10.0	0.0
Silanimonas	0.0	0.0	0.0	0.0	0.0	0.0	0.0	0.0	0.0	0.0	1.0	0.0
Silvanigrella	0.0	0.0	0.0	0.0	1.0	0.0	0.0	0.0	0.0	0.0	3.0	0.0
Simplicispira	10.0	2.0	11.0	0.0	30.0	0.0	0.0	0.0	0.0	0.0	65.0	0.0
Singulisphaera	1.0	0.0	0.0	0.0	0.0	0.0	0.0	0.0	0.0	0.0	2.0	0.0
Smithella	0.0	0.0	0.0	0.0	1.0	0.0	0.0	0.0	0.0	0.0	0.0	0.0
Sodalis	0.0	0.0	0.0	0.0	0.0	0.0	0.0	1.0	0.0	0.0	0.0	0.0
Solitalea	4.0	1.0	2.0	0.0	3.0	0.0	0.0	0.0	0.0	0.0	0.0	0.0
Soortia	0.0	0.0	0.0	0.0	1.0	0.0	0.0	0.0	0.0	0.0	0.0	0.0
Sorangium	0.0	0.0	0.0	0.0	0.0	0.0	0.0	0.0	0.0	0.0	1.0	0.0
Sphaerotilus	15.0	0.0	19.0	0.0	40.0	0.0	0.0	1.0	0.0	0.0	342.0	0.0
Sphingobium	5.0	0.0	6.0	0.0	15.0	0.0	0.0	0.0	0.0	0.0	13.0	0.0
Sphingomonas	22.0	0.0	2.0	0.0	9.0	0.0	0.0	2.0	0.0	0.0	6.0	0.0
Sphingopyxis	42.0	0.0	20.0	0.0	96.0	0.0	0.0	0.0	0.0	0.0	21.0	0.0
Sphingorhabdus	679.0	36.0	266.0	0.0	720.0	0.0	0.0	8.0	0.0	0.0	1129.0	0.0
Spirochaeta 2	0.0	0.0	0.0	0.0	0.0	0.0	0.0	0.0	0.0	0.0	1.0	0.0
Sporichthya	0.0	0.0	0.0	0.0	1.0	0.0	0.0	0.0	0.0	0.0	0.0	0.0
Sporobacter	0.0	0.0	0.0	0.0	1.0	0.0	0.0	0.0	0.0	0.0	1.0	0.0
Sporocytophaga	0.0	0.0	0.0	0.0	0.0	0.0	0.0	0.0	0.0	0.0	1.0	0.0
Sporomusa	0.0	0.0	0.0	0.0	0.0	0.0	0.0	0.0	0.0	0.0	2.0	0.0
Sporosarcina	0.0	0.0	0.0	0.0	2.0	0.0	0.0	0.0	0.0	0.0	2.0	0.0
Staphylococcus	25.0	4.0	17.0	0.0	16.0	0.0	0.0	17034.0	0.0	0.0	10.0	0.0
Stella	7.0	0.0	5.0	0.0	1.0	0.0	0.0	0.0	0.0	0.0	0.0	0.0
Stenotrophobacter	2.0	0.0	0.0	0.0	0.0	0.0	0.0	0.0	0.0	0.0	0.0	0.0
Stenotrophomonas	1.0	0.0	0.0	0.0	0.0	0.0	0.0	0.0	0.0	0.0	8.0	0.0
Steroidobacter	1.0	0.0	0.0	0.0	0.0	0.0	0.0	0.0	0.0	0.0	2.0	0.0
Sterolibacterium	2.0	0.0	2.0	0.0	0.0	0.0	0.0	0.0	0.0	0.0	2.0	0.0
Streptococcus	1.0	0.0	1.0	0.0	0.0	0.0	0.0	0.0	0.0	0.0	11.0	0.0
Streptomyces	0.0	0.0	0.0	0.0	1.0	0.0	0.0	0.0	0.0	0.0	7.0	0.0
Subdoligranulum	0.0	0.0	1.0	0.0	3.0	0.0	0.0	0.0	0.0	0.0	25.0	0.0
Subgroup 10	0.0	0.0	0.0	0.0	1.0	0.0	0.0	0.0	0.0	0.0	0.0	0.0
Succiniclasticum	0.0	0.0	1.0	0.0	0.0	0.0	0.0	0.0	0.0	0.0	0.0	0.0
Succinivibrio	0.0	0.0	0.0	0.0	0.0	0.0	0.0	0.0	0.0	0.0	2.0	0.0
Sulfuricella	0.0	0.0	1.0	0.0	0.0	0.0	0.0	0.0	0.0	0.0	2.0	0.0
Sulfuricurvum	15.0	1.0	19.0	0.0	36.0	0.0	0.0	1.0	0.0	0.0	84.0	0.0
Sulfurifustis	1.0	0.0	0.0	0.0	0.0	0.0	0.0	0.0	0.0	0.0	13.0	0.0
Sulfurimonas	16.0	0.0	7.0	0.0	6.0	0.0	0.0	0.0	0.0	0.0	51.0	0.0
Sulfurisoma	1.0	0.0	0.0	0.0	1.0	0.0	0.0	0.0	0.0	0.0	2.0	0.0
Sulfuritalea	35.0	0.0	18.0	0.0	158.0	0.0	0.0	2.0	0.0	0.0	172.0	0.0
Sulfurospirillum	14.0	0.0	4.0	0.0	8.0	0.0	0.0	0.0	0.0	0.0	67.0	0.0
Sulfurovum	0.0	0.0	1.0	0.0	2.0	0.0	0.0	0.0	0.0	0.0	0.0	0.0
Sva0081 sediment group	2.0	0.0	1.0	0.0	3.0	0.0	0.0	0.0	0.0	0.0	0.0	0.0
Sva0996 marine group	0.0	0.0	0.0	0.0	0.0	0.0	0.0	0.0	0.0	0.0	2.0	0.0
Syntrophobacter	0.0	0.0	1.0	0.0	7.0	0.0	0.0	0.0	0.0	0.0	0.0	0.0
Syntrophorhabdus	0.0	0.0	1.0	0.0	2.0	0.0	0.0	0.0	0.0	0.0	0.0	0.0
Syntrophus	1.0	0.0	0.0	0.0	5.0	0.0	0.0	0.0	0.0	0.0	2.0	0.0
TPD-58	0.0	0.0	0.0	0.0	1.0	0.0	0.0	0.0	0.0	0.0	0.0	0.0
Tabrizicola	1011.0	125.0	263.0	0.0	2193.0	1.0	1.0	24.0	1.0	0.0	1180.0	0.0
Taeseokella	0.0	0.0	0.0	0.0	1.0	0.0	0.0	0.0	0.0	0.0	0.0	0.0
Tahibacter	0.0	0.0	1.0	0.0	1.0	0.0	0.0	0.0	0.0	0.0	0.0	0.0
Terrimonas	15.0	0.0	23.0	0.0	22.0	0.0	0.0	0.0	0.0	0.0	4.0	0.0
Terrisporobacter	5.0	0.0	0.0	0.0	1.0	0.0	0.0	0.0	0.0	0.0	0.0	0.0
Tessaracoccus	0.0	0.0	0.0	0.0	0.0	0.0	0.0	0.0	0.0	0.0	1.0	0.0
Tetrasphaera	3.0	0.0	5.0	0.0	0.0	0.0	0.0	0.0	0.0	0.0	1.0	0.0
Thalassobaculum	0.0	0.0	0.0	0.0	2.0	0.0	0.0	0.0	0.0	0.0	0.0	0.0
Thauera	97.0	0.0	80.0	0.0	8.0	0.0	0.0	2.0	0.0	0.0	39.0	0.0
Thermobacillus	0.0	0.0	0.0	0.0	2.0	0.0	0.0	0.0	0.0	0.0	0.0	0.0
Thermomonas	16.0	0.0	3.0	0.0	56.0	0.0	0.0	0.0	0.0	0.0	18.0	0.0
Thiobacillus	1.0	0.0	1.0	0.0	8.0	0.0	0.0	1.0	0.0	0.0	8.0	0.0
Thioclava	0.0	1.0	1.0	0.0	3.0	0.0	0.0	0.0	0.0	0.0	7.0	0.0
Thiothrix	2.0	1.0	2.0	0.0	2.0	0.0	0.0	0.0	0.0	0.0	21.0	0.0
Tibeticola	2.0	0.0	2.0	0.0	3.0	0.0	0.0	0.0	0.0	0.0	4.0	0.0
Tolumonas	8.0	0.0	2.0	0.0	7.0	0.0	0.0	2.0	0.0	0.0	243.0	0.0
Trabulsiella	0.0	0.0	0.0	0.0	0.0	0.0	0.0	2.0	0.0	0.0	0.0	0.0
Treponema	0.0	0.0	1.0	0.0	0.0	0.0	0.0	0.0	0.0	0.0	4.0	0.0
Trichococcus	3.0	0.0	7.0	0.0	8.0	0.0	0.0	0.0	0.0	0.0	16.0	0.0
Tropicimonas	0.0	0.0	0.0	0.0	5.0	0.0	0.0	0.0	0.0	0.0	1.0	0.0
Tumebacillus	0.0	0.0	0.0	0.0	1.0	0.0	0.0	0.0	0.0	0.0	0.0	0.0
Turicibacter	1.0	0.0	0.0	0.0	0.0	0.0	0.0	0.0	0.0	0.0	0.0	0.0
Turneriella	0.0	1.0	0.0	0.0	0.0	0.0	0.0	0.0	0.0	0.0	0.0	0.0
Tychonema CCAP 1459-11B	8.0	0.0	9.0	0.0	2.0	0.0	0.0	0.0	0.0	0.0	6.0	0.0
Tyzzerella 3	0.0	0.0	0.0	0.0	1.0	0.0	0.0	0.0	0.0	0.0	0.0	0.0
UBA1819	0.0	0.0	0.0	0.0	0.0	0.0	0.0	0.0	0.0	0.0	1.0	0.0
UKL13-1	1.0	0.0	1.0	0.0	2.0	0.0	0.0	0.0	0.0	0.0	5.0	0.0
Uliginosibacterium	2.0	0.0	1.0	0.0	1.0	0.0	0.0	0.0	0.0	0.0	23.0	0.0
Undibacterium	58.0	3.0	44.0	0.0	73.0	0.0	0.0	2.0	0.0	0.0	53.0	0.0
Uruburuella	1.0	0.0	0.0	0.0	0.0	0.0	0.0	0.0	0.0	0.0	0.0	0.0
Variovorax	3.0	0.0	0.0	0.0	13.0	0.0	0.0	1.0	0.0	0.0	2.0	0.0
Verruc-01	5.0	0.0	3.0	0.0	55.0	0.0	0.0	0.0	0.0	0.0	17.0	0.0
Verticia	0.0	0.0	0.0	0.0	0.0	0.0	0.0	0.0	0.0	0.0	14.0	0.0
Vibrio	0.0	0.0	0.0	0.0	1.0	0.0	0.0	10.0	0.0	0.0	0.0	0.0
Victivallis	1.0	0.0	0.0	0.0	0.0	0.0	0.0	0.0	0.0	0.0	0.0	0.0
Vogesella	15.0	22.0	1.0	0.0	75.0	0.0	0.0	1.0	0.0	0.0	56.0	0.0
WCHB1-32	2.0	0.0	2.0	0.0	2.0	0.0	0.0	0.0	0.0	0.0	1.0	0.0
Woeseia	1.0	0.0	0.0	0.0	1.0	0.0	0.0	0.0	0.0	0.0	1.0	0.0
XBB1006	0.0	0.0	0.0	0.0	0.0	0.0	0.0	0.0	0.0	0.0	1.0	0.0
Xanthobacter	0.0	0.0	2.0	0.0	0.0	0.0	0.0	0.0	0.0	0.0	2.0	0.0
Xanthomonas	0.0	0.0	0.0	0.0	0.0	0.0	0.0	0.0	0.0	0.0	1.0	0.0
Xenorhabdus	0.0	0.0	0.0	0.0	0.0	0.0	0.0	1.0	0.0	0.0	0.0	0.0
Xylophilus	1.0	0.0	0.0	0.0	1.0	0.0	0.0	0.0	0.0	0.0	1.0	0.0
Yersinia	0.0	0.0	1.0	0.0	3.0	0.0	0.0	1.0	0.0	0.0	30.0	0.0
Yokenella	0.0	0.0	0.0	0.0	0.0	0.0	0.0	1.0	0.0	0.0	2.0	0.0
Yonghaparkia	0.0	0.0	0.0	0.0	1.0	0.0	0.0	0.0	0.0	0.0	0.0	0.0
Z-35	0.0	0.0	0.0	0.0	0.0	0.0	0.0	0.0	0.0	0.0	1.0	0.0
Z114MB74	0.0	0.0	0.0	0.0	0.0	0.0	0.0	0.0	0.0	0.0	1.0	0.0
Zavarzinella	0.0	0.0	0.0	0.0	0.0	0.0	0.0	0.0	0.0	0.0	1.0	0.0
Zoogloea	257.0	7.0	223.0	0.0	21.0	0.0	0.0	1.0	0.0	0.0	84.0	0.0
[Agitococcus] lubricus group	4.0	0.0	7.0	0.0	2.0	0.0	0.0	0.0	0.0	0.0	4.0	0.0
[Aquaspirillum] arcticum group	0.0	0.0	0.0	0.0	0.0	0.0	0.0	0.0	0.0	0.0	1.0	0.0
[Desulfobacterium] catecholicum group	1.0	0.0	1.0	0.0	0.0	0.0	0.0	0.0	0.0	0.0	0.0	0.0
[Eubacterium] brachy group	0.0	0.0	0.0	0.0	1.0	0.0	0.0	0.0	0.0	0.0	3.0	0.0
[Eubacterium] coprostanoligenes group	1.0	0.0	0.0	0.0	0.0	0.0	0.0	0.0	0.0	0.0	0.0	0.0
[Eubacterium] hallii group	0.0	0.0	1.0	0.0	0.0	0.0	0.0	0.0	0.0	0.0	0.0	0.0
[Polyangium] brachysporum group	0.0	0.0	0.0	0.0	0.0	0.0	0.0	0.0	0.0	0.0	1.0	0.0
[Ruminococcus] gauvreauii group	0.0	0.0	0.0	0.0	4.0	0.0	0.0	0.0	0.0	0.0	1.0	0.0
[Ruminococcus] torques group	0.0	0.0	1.0	0.0	1.0	0.0	0.0	0.0	0.0	0.0	1.0	0.0
alphaI cluster	17.0	0.0	5.0	0.0	30.0	0.0	0.0	0.0	0.0	0.0	19.0	0.0
hgcI clade	189.0	12.0	51.0	0.0	109.0	0.0	0.0	2.0	0.0	0.0	666.0	0.0
mle1-7	0.0	0.0	0.0	0.0	0.0	0.0	0.0	0.0	0.0	0.0	1.0	0.0
oc32	2.0	0.0	2.0	0.0	0.0	0.0	0.0	0.0	0.0	0.0	1.0	0.0
possible genus 04	1.0	0.0	0.0	0.0	0.0	0.0	0.0	0.0	0.0	0.0	3.0	0.0
uncultured	927.0	79.0	636.0	1.0	3215.0	0.0	0.0	42.0	0.0	0.0	3253.0	1.0
