readID	seqID	taxID	score	2ndBestScore	hitLength	queryLength	numMatches
263af89e-aeaa-46f7-a116-98a5c78f7651	unclassified	0	0	0	0	1044	1
a51416e5-22e3-4389-a5db-16b4d7344456	unclassified	0	0	0	0	1132	1
eec9a401-058c-485f-af21-e523ef814c68	unclassified	0	0	0	0	1472	1
189e2799-ad49-48d7-8ef8-45b1087de6c5	unclassified	0	0	0	0	1439	1
41055636-0338-464e-b41d-5d10648b5b4e	unclassified	0	0	0	0	2029	1
e9d21d93-dae5-454d-85c2-963e504adcd6	unclassified	0	0	0	0	3513	1
5a89e67f-ef7c-44b8-8757-e05fa3a67911	unclassified	0	0	0	0	1998	1
6d8d019d-453d-45a5-a024-6bb0f2ec2f6e	unclassified	0	0	0	0	1496	1
20f3c222-69f7-46cf-9f0c-8d3d1a18930d	unclassified	0	0	0	0	1500	1
98b62222-028f-4d9c-b1b9-58bafd0af511	unclassified	0	0	0	0	1475	1
27f087cb-6721-4f76-85b5-dce02c0fd676	unclassified	0	0	0	0	3952	1
a6f8a207-1eb2-47c4-87ec-e90cceebf37d	unclassified	0	0	0	0	1675	1
7359dc33-201f-4f11-90bb-2a84c92d8276	unclassified	0	0	0	0	1487	1
8ece453f-98c5-425c-81c9-f6bcdcf5dd7b	unclassified	0	0	0	0	1731	1
b99362ff-4c73-4a9b-ba45-21e77a3bec19	unclassified	0	0	0	0	1056	1
c29b45ae-943d-4099-9bed-aa93fda82e14	unclassified	0	0	0	0	2503	1
b7ef9844-5c41-4388-935b-ac2eb3f889e9	unclassified	0	0	0	0	1460	1
11d8f7be-486f-425c-b3e9-bc5aebe9fe7e	unclassified	0	0	0	0	1063	1
d11bab7e-df02-4e58-8b7a-2699c8e51e18	unclassified	0	0	0	0	1606	1
50d75b37-a1a4-4481-a24c-c61d07afc7f0	unclassified	0	0	0	0	1441	1
ea2d71f7-1a45-41fd-8701-6ab67d8bb547	unclassified	0	0	0	0	1058	1
cf9d5006-3f55-403f-a856-89a011ecbefc	unclassified	0	0	0	0	1044	1
6b64546e-0dd5-40e1-bd1a-387cceabfebe	unclassified	0	0	0	0	1312	1
c1b7c953-fb54-4938-8563-d5a989c026e4	unclassified	0	0	0	0	2181	1
d9651036-2bb7-498b-96fb-1881784287a7	unclassified	0	0	0	0	2197	1
5b093b5b-939c-4a6e-8a77-b73e7f56dac0	unclassified	0	0	0	0	1437	1
0982e19a-2737-47cf-b817-baa5430d0d8e	unclassified	0	0	0	0	1538	1
5b4446fd-42a5-4b11-b683-11826fc4a662	unclassified	0	0	0	0	3796	1
21e77992-e594-43be-ae92-692af7312a7d	unclassified	0	0	0	0	1516	1
6e6efe5f-07ea-42ad-b2b9-600964e9845b	unclassified	0	0	0	0	1400	1
aa9c6007-4dbe-465d-a50a-cfec0adec8d2	unclassified	0	0	0	0	5045	1
d3a12bdb-6494-4fd4-ab9f-e740f2a843f8	unclassified	0	0	0	0	2538	1
b7294132-c7af-4922-81a9-633227947a1b	unclassified	0	0	0	0	2409	1
893b69b6-2cfd-4da6-bbb1-5eef7cb0084b	unclassified	0	0	0	0	1114	1
9193758a-5bcc-402b-9b77-4c4301453fd1	unclassified	0	0	0	0	1481	1
b3ce262e-25f8-413b-bdfd-a671b3321b9a	unclassified	0	0	0	0	4023	1
15c203df-5886-4a01-b8ff-b33db1a66a6a	unclassified	0	0	0	0	2213	1
6e26103e-63a7-4834-b679-a50176df8a1e	unclassified	0	0	0	0	1475	1
e5e42dee-d6d6-47d9-b8d5-3f4643f81a27	unclassified	0	0	0	0	2032	1
fecd22d1-5c24-449d-9960-544b2ae52a3c	unclassified	0	0	0	0	1738	1
e3f7998b-e666-4d70-9066-39a8669f6abd	unclassified	0	0	0	0	1660	1
1e49cdd9-8dcc-4cd9-862e-445b1b28eb09	unclassified	0	0	0	0	3759	1
b24c89e1-99dc-48b8-b7b6-b918fffeb63a	unclassified	0	0	0	0	1466	1
481dcf5f-77ee-4262-86dc-0464b13ca452	unclassified	0	0	0	0	4921	1
f570695f-2fef-468f-91df-c18378282427	unclassified	0	0	0	0	1195	1
6e9dc68a-1d73-4206-aec5-702a17306334	unclassified	0	0	0	0	1072	1
c5e18917-5eed-4e88-8cd5-e34e20f04602	unclassified	0	0	0	0	2319	1
3c7e6535-087e-4a62-b2ef-60bda71af483	unclassified	0	0	0	0	5546	1
dfd07947-92b1-4fc0-ab2f-3e9872b6c864	unclassified	0	0	0	0	1632	1
537ad59b-5e89-4928-b90b-ccb16f697a73	unclassified	0	0	0	0	2297	1
020cfd73-0f8c-43f1-85ac-edc63fe2fe4b	unclassified	0	0	0	0	2976	1
b097f69c-d4c4-4e22-9ad5-7793e2732351	unclassified	0	0	0	0	3702	1
713a269b-cfd2-4247-a1ad-d5e15e620949	unclassified	0	0	0	0	1116	1
07a0c5d3-e9d1-4e83-be50-0fb24938b117	unclassified	0	0	0	0	1246	1
2df232fa-9ccc-4092-bfdc-4c220638efdf	unclassified	0	0	0	0	1735	1
ab56eaad-c300-4213-bd77-98d099bbfba4	unclassified	0	0	0	0	2137	1
46512be8-6303-4cff-8def-f6a8c9fc859f	unclassified	0	0	0	0	1662	1
c2c93320-ee47-4f76-9c6a-a4e87f09cf49	unclassified	0	0	0	0	1429	1
e758eb65-7925-43c4-af50-5770a6eaeacd	unclassified	0	0	0	0	1344	1
90294138-7fc2-4192-9b2b-da903268075b	unclassified	0	0	0	0	1383	1
167344a7-ef85-4b10-bb05-82b093911c79	unclassified	0	0	0	0	2970	1
be304e76-8879-4eb9-aff0-ad4e255c7c6a	unclassified	0	0	0	0	1444	1
d3b92058-66d5-4de4-8264-2f8516adad64	unclassified	0	0	0	0	1431	1
8a145abb-f341-4a8d-9201-6a749bb459b2	unclassified	0	0	0	0	3203	1
b80640fc-145f-44f7-844e-11c83af17308	unclassified	0	0	0	0	1359	1
72a33f1e-0b63-4efc-9b0c-b38be22ef64e	unclassified	0	0	0	0	1189	1
f4900177-2811-4544-879d-93d4de0434ae	unclassified	0	0	0	0	1413	1
f5bca318-ed20-4aeb-865c-ef4d055a8603	unclassified	0	0	0	0	3451	1
f3bb9718-5eb1-4bdd-9588-5b333a714832	unclassified	0	0	0	0	2063	1
ce09a6ac-616c-4cfe-873b-724ccce03b02	unclassified	0	0	0	0	1415	1
2955fbb4-d3f1-4684-afee-ee7fdadb4385	unclassified	0	0	0	0	1442	1
4caa42da-6458-4813-ac44-cbf5e2f6d767	unclassified	0	0	0	0	3430	1
076f0e17-214e-4156-89b0-3796b21d8ec0	unclassified	0	0	0	0	1551	1
db6769c6-7894-4eb2-ace3-5cbf3364a806	unclassified	0	0	0	0	1425	1
242495f3-0c43-4ca8-9b1e-c56c2671d82a	unclassified	0	0	0	0	1778	1
bd440d03-1327-440a-baac-77c3d4bd0565	unclassified	0	0	0	0	2401	1
9d288872-5258-46a4-963f-fc58d962f735	unclassified	0	0	0	0	2074	1
fc3d09b3-e5ab-4539-b14a-c453b0769691	unclassified	0	0	0	0	3903	1
63a7c79c-3cae-4365-9c3d-80be5268f076	unclassified	0	0	0	0	2227	1
77d939ed-dbd0-4621-9504-726a2cd28d2a	unclassified	0	0	0	0	1187	1
ebb21553-f5d6-430f-ba9a-e9da99c4df09	unclassified	0	0	0	0	1354	1
c7e48898-96b7-483f-ae90-771610d6726b	unclassified	0	0	0	0	1415	1
f16d3a78-8497-4f49-bfb7-7df22b432662	unclassified	0	0	0	0	3147	1
7400d70a-283a-41c2-8d12-0d8d2a3d3ca6	unclassified	0	0	0	0	1388	1
24d2f0a9-b360-4d4d-96b9-4864d1ab9057	unclassified	0	0	0	0	2846	1
dcb06a3e-d50c-4c0c-8739-0846dec6b360	unclassified	0	0	0	0	7046	1
a64c238a-5a0f-4a7a-910d-76541235e650	unclassified	0	0	0	0	1599	1
95dd10e6-810b-4def-a47c-e68bbf91f965	unclassified	0	0	0	0	1192	1
a6eddd20-c8bb-4002-be69-2e88e220614c	unclassified	0	0	0	0	3171	1
bbf5e644-6220-42c6-9cdd-f5ab94527fa5	unclassified	0	0	0	0	2570	1
935e121a-c93d-407e-830c-e6cd90866470	unclassified	0	0	0	0	5233	1
e2fc0200-ad70-40b3-83db-a3fb5fe3053b	unclassified	0	0	0	0	1304	1
bb2da7f8-b04c-40df-aa55-4d87001f07c8	unclassified	0	0	0	0	1046	1
024e5407-1d3b-4de6-ae57-f3ec4c32ce78	unclassified	0	0	0	0	1551	1
9802b8bf-9646-4d61-9890-5764ddaef81b	unclassified	0	0	0	0	2323	1
0f1bc72a-28cd-4d4e-b8e0-41bca713c20c	unclassified	0	0	0	0	1536	1
229934d0-fd06-4a7f-b909-dfcc23fd5987	unclassified	0	0	0	0	1135	1
fbd5bac4-28d9-4244-b766-aa17b1c86c1a	JF089849.1.1370	1780	81	81	24	1519	3
fbd5bac4-28d9-4244-b766-aa17b1c86c1a	KF091326.1.1374	1780	81	81	24	1519	3
fbd5bac4-28d9-4244-b766-aa17b1c86c1a	FPID01000406.8.1500	1688	81	81	24	1519	3
f1206e2d-3f3a-46ed-8300-29dc2d3548d4	unclassified	0	0	0	0	1458	1
a83ccee2-39b8-44b6-97ed-0693a4a63ac1	unclassified	0	0	0	0	1483	1
93e00a21-2e19-4c30-b96c-1116ce6e08e1	unclassified	0	0	0	0	1936	1
4ec49676-0a9e-46b1-9d9b-f2681e4a33bb	unclassified	0	0	0	0	1540	1
4fbba2f5-07a9-45a0-b790-6b6a94c2f573	unclassified	0	0	0	0	1435	1
948850eb-c88c-4553-b5b2-0455934b1465	unclassified	0	0	0	0	1441	1
b141ab95-2b67-44f1-8091-a1f7dfae9b4b	unclassified	0	0	0	0	1465	1
b9018fc4-14b1-4a94-a274-630acb96e558	unclassified	0	0	0	0	2173	1
aec65c4f-56db-4265-a543-049d5bf64849	unclassified	0	0	0	0	1609	1
827596c2-a474-4361-8906-071546affd4e	unclassified	0	0	0	0	1293	1
e64a3559-6357-4500-8269-37d6be5b2155	unclassified	0	0	0	0	2625	1
6c9f112e-9381-45bc-a6d3-7294760e593b	unclassified	0	0	0	0	1455	1
4965c9e5-1d10-4ccc-b917-1f873c21641f	unclassified	0	0	0	0	2294	1
e66b60ab-646e-441e-baee-faa1cac1a740	unclassified	0	0	0	0	1292	1
ec691d02-aa18-49c7-93a9-497f8308ed18	unclassified	0	0	0	0	1885	1
c6ec4732-9723-4bd2-bf56-ee98f9ec514e	unclassified	0	0	0	0	1501	1
63787cfa-162c-4970-ba78-a14708164c82	unclassified	0	0	0	0	1178	1
57a8f669-ef3c-41a2-b988-2c2a30451068	unclassified	0	0	0	0	1730	1
4b7b6d51-7324-4fbd-8747-5fbc30d0a943	unclassified	0	0	0	0	1996	1
42b1a360-c21f-4c79-9237-09bfdde40089	unclassified	0	0	0	0	1697	1
9e089262-f170-4f5a-80ba-b0814d7adcc3	unclassified	0	0	0	0	1071	1
ed30cf64-e22d-41e8-bf73-e32c8431dc30	unclassified	0	0	0	0	1820	1
d7b514bc-c704-49f5-aaf1-f18e89cc50c6	unclassified	0	0	0	0	1452	1
653f5012-e3d3-4e75-9559-08bd525920c5	unclassified	0	0	0	0	1326	1
21d6ef2f-e578-414b-a518-a3e3a8faea28	unclassified	0	0	0	0	3197	1
61dcbca1-01f4-486f-ac2d-13c6e5c7861f	unclassified	0	0	0	0	9345	1
8dcd7f00-04c6-497a-a5b2-890f2da05283	unclassified	0	0	0	0	7166	1
82294cf5-5011-480b-85be-8580ac9d84bf	unclassified	0	0	0	0	1999	1
64d204f5-76a4-4e60-bd87-0c6704f2fbf1	unclassified	0	0	0	0	1022	1
b323230d-3e7e-49f1-83f3-3928c4a7b875	unclassified	0	0	0	0	4149	1
ece69340-4aa6-4fe4-9679-e266ebb2406b	unclassified	0	0	0	0	1406	1
523b9790-84f3-4b12-a6a3-d83f5e8f92c3	unclassified	0	0	0	0	4921	1
4b83f263-aeb9-4526-af18-caafe3ff93b5	unclassified	0	0	0	0	1100	1
f35091bf-f3bd-443a-985f-fe7e2d0a6de1	unclassified	0	0	0	0	1413	1
4ba77403-b788-4ab4-8b2b-7220f94fdbc1	unclassified	0	0	0	0	1628	1
6681b3fe-6c68-464f-b7e7-ee77ed7f28cb	unclassified	0	0	0	0	3199	1
b75496ef-b2c5-4635-8599-9b99f7495eb2	unclassified	0	0	0	0	2164	1
f9d3849b-e54d-47c9-b1d0-8969bc8f8acc	unclassified	0	0	0	0	1504	1
1896ed60-d6aa-48dd-9c22-c5947c617db8	unclassified	0	0	0	0	1443	1
4f5958cf-c2da-41b8-b6dc-0967bd45fe07	unclassified	0	0	0	0	1097	1
5e4cd10d-c6f0-4ac6-9e34-447a90f1a4ab	unclassified	0	0	0	0	1488	1
e8662a62-cfa8-4873-9300-34a9d3cb013b	unclassified	0	0	0	0	2456	1
ac6831c1-3f3a-4433-8b5a-f4d60136ba2a	unclassified	0	0	0	0	2736	1
ec587188-cbe3-4cd3-83bd-2de4ced630b2	unclassified	0	0	0	0	1998	1
6010fcc9-8410-43f0-8565-75b537f5f372	unclassified	0	0	0	0	2004	1
01c87ee9-7636-43e2-8df0-792e03a65462	unclassified	0	0	0	0	4609	1
3c111422-3f08-4f0e-a376-73e3bae3af9a	unclassified	0	0	0	0	2913	1
cdc50883-d05e-4431-b90f-dcfb9839dd48	unclassified	0	0	0	0	3337	1
6d4d61a6-e322-477d-b7cf-b1f5cacc5b1c	unclassified	0	0	0	0	1500	1
8b37295a-428e-42b3-a551-b01e028113ce	unclassified	0	0	0	0	3162	1
fad3434b-673e-4a81-b2db-d146c00fb41f	unclassified	0	0	0	0	3926	1
f4797058-3eeb-4d7c-a6b8-c5b7d499de53	unclassified	0	0	0	0	1371	1
899602f9-f589-4714-9fe3-c60688a2d539	unclassified	0	0	0	0	2539	1
7f1c5e8c-7313-47e1-b8a3-6ab1f7b4311b	unclassified	0	0	0	0	4692	1
b75c3b9b-f337-467c-ba2b-f08815703e2f	unclassified	0	0	0	0	2011	1
ef91bb24-c567-4fcb-befc-948109dffca5	unclassified	0	0	0	0	1055	1
9c3649a3-e480-49de-b663-7c8d2a46fbf7	unclassified	0	0	0	0	2612	1
3d680729-6006-4a48-8888-4221a4f408a5	unclassified	0	0	0	0	3321	1
6725545b-a002-4718-a2b0-a7de429f0973	unclassified	0	0	0	0	2467	1
34f6540b-21b7-4804-b96a-dc5b487c63f2	unclassified	0	0	0	0	1287	1
10bdc5f0-3df5-44c1-809d-d78f9de5328c	unclassified	0	0	0	0	1128	1
6723101b-db40-41e3-afc6-e01d62243832	unclassified	0	0	0	0	5997	1
