Area (106 km2)	Discharge (km3 yr−1)	Runoff (mm yr−1)	TDS (mg l−1)	TSS (mg l−1)	Na (μmol l−1)	K (μmol l−1)	Ca (μmol l−1)	Mg (μmol l−1)	Cl (μmol l−1)	SO4 (μmol l−1)	HCO3 (μmol l−1)	SiO2 (μmol l−1)	Sr (μmol l−1)	Sr/Sr
Amazon	6.112	6590	1078	44	182	80	21	135	37	61	47	344	115	0.19	0.71148
Changjiang	1.808	928	513	221	520	222	36	973	292	151	164	2311	108	2.42	0.71071
Mississippi	2.98	580	195	216	862	478	72	850	366	294	266	1902	127	1.71	0.71020
Irrawady	0.41	486	1185	201	535	1304	51	250	247	514	52	1967	167
Ganges	1.05	493	470	182	1100	417	67	580	267	143	83	1951	128	1.02	0.72490
Danube	0.817	207	253	428	313	739	51	1473	1117	1509	660	3328	69	2.76	0.70890
Yenissei	2.59	620	239	112	23	226	26	413	152	271	104	939	138
Salween	0.325	211	649	306		435	26	1150	658	571	10	3475
Mackenzie	1.787	308	172	209	134	330	26	890	337	226	369	1803	50	2.00	0.71100
St. Lawrence	1.02	337	330	168	12	239	35	750	247	214	146	1656	40	1.40	0.70963
Lena	2.49	525	211	112	30	196	18	428	210	343	142	870	97
Xijiang	0.437	363	831	161	190	117	31	810	198	91	85	1639	142	1.27	0.71068
Ob	2.99	404	135	126	40	230	26	465	210	186	89	1279	43
Brahmaputra	0.58	510	879	101	1060	91	100	350	156	31	104	951	130	0.67	0.71970
Parana	2.783	568	204	86	139	231	94	173	86	185	21	690	285	0.52	0.71390
Mekong	0.795	467	587	263	321	663	48	1001	367	448	343	2305	167	3.39	0.71020
Congo–Zaire	3.698	1200	324	35	32	96	43	56	59	37	15	258	157	0.15	0.71918
Rhine	0.224	69.4	310	600		3957	164	2013	469	4943	771	2590	87	6.23	0.70920
Yukon	0.849	200	236	183	286	113	31	795	295	31	233	1787	128	1.59	0.71370
Orinoco	1.1	1135	1032	25	132	64	17	65	27	25	24	164	105	0.21	0.71830
Magdalena	0.235	237	1009	118	928	361	49	375	136	383	150	808	210
Columbia	0.669	236	353	115	64	217	28	450	206	86	115	1033	150	0.98	0.71210
Indus	0.916	90	98	302	2778	1370	112	958	374	931	436	2130	233	3.69	0.71100
Weser	0.046	10.6	230	2463	31	24 957	1077	1400	6214	35 229	2448	2754	67	8.23	0.70890
Don	0.42	28.9	69	829	80	6348	26	2073	1481	4200	2240	3295	5
Nelson	1.132	89.3	79	236		696	59	823	457	486	271	2115	23	0.86	0.71460
Godavari	0.313	105	335	193	1619	352	56	755	99	403	104	1721	352
N. Dvina	0.348	110	316	173	43	217	26	750	296	154	403	1361	38
Wisla	0.198	32.5	164	583	79	2696	126	2250	535	4200	792	3115		7.94	0.70940
Amur	1.855	344	185	55	72	126	26	223	95	66	65	477	36
Huanghe	0.752	41	55	460	26 900	2370	105	1175	848	1563	696	3361	128	13.00	0.71111
Rhone	0.0956	54	565	339	500	491	54	1770	267	640	479	2885	67	5.94	0.70870
Shatt el arab	0.5413	45.8	85	400	2295	1348	77	1300	905	914	760	2951	115
Hong He	0.12	123	1025	147	1057	483	38	388	333	237	119	1328	167	1.55	0.71140
Po	0.07	46.7	667	354	330	730	77	1553	490	517	626	2918	67
Fly	0.061	141	2311	116	816	101	11	533	72	3	28	1284	150
Elbe	0.148	22.8	154	698	37	3717	669	2675	663	4971	1594	2164	67	6.53	0.70970
Tocantins	0.757	372	491	42	202	82	35	54	75	35	27	316	193	0.38	0.72067
Dnepr	0.504	54	103	274	40	609	26	1105	424	489	326	2502	57
Sepik	0.0787	120	1525	114	68	152	10	388	165	14	47	1205	208
Nile	2.87	83	10	388	1400	2261	200	775	576	1257	542	2852	213
Narmada	0.102	39	382	285	3071	1522		625	790	486	52	2869	150
Murray Darling	1.06	23.6	22	453	1271	4391	154	525	700	4886	396	1541	83		0.71380
Purari	0.0306	84.13	2749	126	951	139	26	515	107	34	25	1328	230
Panuco	0.0663	17.3	261	601		1322	103	2750	1202	711	2333	2918
Fraser	0.22	112	509	92	175	126	18	443	148	69	85	841	91	0.795	0.7112
Mahanadi	0.132	66	500	147	909	443	38	260	391	883	156	998	150
Kolima	0.66	132	200	74	126	122	46	270	99	80	147	570	67
Odra	0.112	18.3	163	529	7	2196	544	2150	535	3057	1052	2459
Krishna	0.259	30	116	317	2130	1848	77	688	556	1057	656	2049	83
Pechora	0.324	131	404	70	50	130	26	260	115	117	83	638	27
Niger	1.2	154.1	128	59	260	78	28	138	78	26	5	549	233	0.25	0.71400
Ebro	0.084	17.4	207	517	86	3283	51	1875	646	2071	1391	2159	177
Uruguay	0.24	145	604	60	76	123	35	148	99	57	52	426	250
Kuskokwin	0.123	59.9	487	145	116	96	20	605	226	19	147	1469	127	1.06	0.70900
Cauveri	0.088	21	239	396		2609	141	700	988	1429	333	2902	317	3.62	0.71300
Zambese	1.33	103	77	80	194	235	49	265	169	186	31	525	280
Khatanga	0.364	85.3	234	96	17	422	26	313	148	357	58	785	53
Seine	0.0786	12.9	164	493	44	922	126	2625	379	1100	580	4131	106	3.84	0.70824
Nemanus	0.0982	19.6	200	447	34	687	26	1735	926	791	626	4075	34
Kikori	0.0132	40.06	3035	177		57	5	933	165	9	11	2049	133
Limpopo	0.44	26	59	238	1269	896	118	483	506	406	54	2361	295